2.557150781250000000e+04
2.620426757812500000e+04
2.729378710937500000e+04
2.832244140625000000e+04
2.963039843750000000e+04
3.143260156250000000e+04
3.358206250000000000e+04
3.589003515625000000e+04
3.636459375000000000e+04
3.514937890625000000e+04
3.509194140625000000e+04
3.710183203125000000e+04
3.880600390625000000e+04
3.855759765625000000e+04
3.853861328125000000e+04
3.895757421875000000e+04
3.919801953125000000e+04
4.000223046875000000e+04
4.190019921875000000e+04
4.387321093750000000e+04
4.670300000000000000e+04
5.000487500000000000e+04
5.590817187500000000e+04
5.690975000000000000e+04
5.724789062500000000e+04
6.072101562500000000e+04
7.864714062500000000e+04
1.152484062500000000e+05
1.382629531250000000e+05
1.219703593750000000e+05
8.931030468750000000e+04
6.861620312500000000e+04
6.187074218750000000e+04
5.954321875000000000e+04
5.827871093750000000e+04
5.786727343750000000e+04
5.729937500000000000e+04
5.675296875000000000e+04
5.722311718750000000e+04
5.788285546875000000e+04
5.772268359375000000e+04
5.817544140625000000e+04
5.897375781250000000e+04
6.060004687500000000e+04
6.466397656250000000e+04
7.483982812500000000e+04
8.649478125000000000e+04
9.500985937500000000e+04
1.756618437500000000e+05
5.063180625000000000e+05
9.750681875000000000e+05
1.083181375000000000e+06
7.166584375000000000e+05
3.021861562500000000e+05
1.137539531250000000e+05
6.805257031250000000e+04
5.972315625000000000e+04
5.884353125000000000e+04
5.868846093750000000e+04
6.016142968750000000e+04
7.528830468750000000e+04
1.127044687500000000e+05
1.477764687500000000e+05
1.402338281250000000e+05
1.027179218750000000e+05
7.226277343750000000e+04
6.031005468750000000e+04
5.742515625000000000e+04
5.683172265625000000e+04
5.635457031250000000e+04
5.674471093750000000e+04
5.690267968750000000e+04
5.700095703125000000e+04
5.683418750000000000e+04
5.629405078125000000e+04
5.587519921875000000e+04
5.489884765625000000e+04
5.481758984375000000e+04
5.477391796875000000e+04
5.498506640625000000e+04
5.487087500000000000e+04
5.422183203125000000e+04
5.430528906250000000e+04
5.444471484375000000e+04
5.443793750000000000e+04
5.671108593750000000e+04
6.458909765625000000e+04
7.695175000000000000e+04
8.149985156250000000e+04
7.339412500000000000e+04
6.285598437500000000e+04
5.732340234375000000e+04
5.692610937500000000e+04
5.646745703125000000e+04
5.679278125000000000e+04
5.690226562500000000e+04
5.661166796875000000e+04
5.685127343750000000e+04
5.676533593750000000e+04
5.714810937500000000e+04
6.327753906250000000e+04
8.782347656250000000e+04
1.197922578125000000e+05
1.251039765625000000e+05
9.978616406250000000e+04
7.172840625000000000e+04
5.987908593750000000e+04
5.688246875000000000e+04
5.628702343750000000e+04
5.648711718750000000e+04
5.574173437500000000e+04
5.568921093750000000e+04
5.518616015625000000e+04
5.465882031250000000e+04
5.544472656250000000e+04
5.581057812500000000e+04
5.529513671875000000e+04
5.518601171875000000e+04
5.508667578125000000e+04
5.561104687500000000e+04
5.603625781250000000e+04
5.602325781250000000e+04
5.624418750000000000e+04
5.629633203125000000e+04
5.590282421875000000e+04
5.639739843750000000e+04
5.679727734375000000e+04
5.714903906250000000e+04
5.698667187500000000e+04
5.676500390625000000e+04
5.650472265625000000e+04
5.569112109375000000e+04
5.617492968750000000e+04
5.826860156250000000e+04
6.493966796875000000e+04
7.255398437500000000e+04
7.275138281250000000e+04
6.590670312500000000e+04
5.950771484375000000e+04
5.688884765625000000e+04
5.599648437500000000e+04
5.660656250000000000e+04
5.627890625000000000e+04
5.597095312500000000e+04
5.517767968750000000e+04
5.450610156250000000e+04
5.572553125000000000e+04
6.436576562500000000e+04
8.313715625000000000e+04
9.756654687500000000e+04
9.157158593750000000e+04
7.224025781250000000e+04
5.976552343750000000e+04
5.529533984375000000e+04
5.484582812500000000e+04
5.537830859375000000e+04
5.640926953125000000e+04
5.777033593750000000e+04
5.839670703125000000e+04
6.572306250000000000e+04
1.225595234375000000e+05
2.720921875000000000e+05
4.142584687500000000e+05
3.795692500000000000e+05
2.227262500000000000e+05
1.064554453125000000e+05
6.774880468750000000e+04
5.873613281250000000e+04
5.619078515625000000e+04
5.665761328125000000e+04
5.594583984375000000e+04
5.535164453125000000e+04
5.503813281250000000e+04
5.524008984375000000e+04
5.470462500000000000e+04
5.532860156250000000e+04
5.639341406250000000e+04
5.705937109375000000e+04
5.900500000000000000e+04
6.136579296875000000e+04
6.252583984375000000e+04
6.214775390625000000e+04
6.119846484375000000e+04
5.957136328125000000e+04
5.836430468750000000e+04
5.781429687500000000e+04
5.646178906250000000e+04
5.704063671875000000e+04
6.126804296875000000e+04
6.610922656250000000e+04
6.619600781250000000e+04
6.238829687500000000e+04
5.809573437500000000e+04
5.599596093750000000e+04
5.674259765625000000e+04
5.679535546875000000e+04
5.699125000000000000e+04
5.715271484375000000e+04
5.745523437500000000e+04
5.877350781250000000e+04
6.439733203125000000e+04
7.502563281250000000e+04
8.130091406250000000e+04
7.695457812500000000e+04
6.673787500000000000e+04
5.955669921875000000e+04
5.697322656250000000e+04
5.670851953125000000e+04
5.629666796875000000e+04
5.611223828125000000e+04
5.651373437500000000e+04
5.665364453125000000e+04
5.669330078125000000e+04
5.647300781250000000e+04
5.608026953125000000e+04
5.621437109375000000e+04
5.626098437500000000e+04
5.617922265625000000e+04
5.613926953125000000e+04
5.634861718750000000e+04
5.652763281250000000e+04
5.717959375000000000e+04
5.645692968750000000e+04
5.538266796875000000e+04
5.438240234375000000e+04
5.381211718750000000e+04
5.356297265625000000e+04
5.425763281250000000e+04
5.512791015625000000e+04
5.573575390625000000e+04
5.633978906250000000e+04
5.622883984375000000e+04
5.603658984375000000e+04
5.624095703125000000e+04
5.614765625000000000e+04
5.588678906250000000e+04
5.511964453125000000e+04
5.526700000000000000e+04
5.529130078125000000e+04
5.426598046875000000e+04
5.433162890625000000e+04
5.514164062500000000e+04
5.582397265625000000e+04
5.648508203125000000e+04
5.641710937500000000e+04
5.639838671875000000e+04
5.536889453125000000e+04
5.594633203125000000e+04
5.705705078125000000e+04
6.002023437500000000e+04
6.187248046875000000e+04
6.054760156250000000e+04
5.766745703125000000e+04
5.585940625000000000e+04
5.523123437500000000e+04
5.481800000000000000e+04
5.471079296875000000e+04
5.515090625000000000e+04
5.430521484375000000e+04
5.529188671875000000e+04
5.873971875000000000e+04
6.342565234375000000e+04
6.500590625000000000e+04
6.190901953125000000e+04
5.792528906250000000e+04
5.612607031250000000e+04
5.583604687500000000e+04
5.625175390625000000e+04
5.562667187500000000e+04
5.589563671875000000e+04
5.655465625000000000e+04
5.664602734375000000e+04
5.662849218750000000e+04
5.596231250000000000e+04
5.571076171875000000e+04
5.613764062500000000e+04
5.587505468750000000e+04
5.546687500000000000e+04
5.490475390625000000e+04
5.450144140625000000e+04
5.460794531250000000e+04
5.495661718750000000e+04
5.575194921875000000e+04
5.621599218750000000e+04
5.565891796875000000e+04
5.619794921875000000e+04
5.653002343750000000e+04
5.690419531250000000e+04
5.707796875000000000e+04
5.711573828125000000e+04
5.720837890625000000e+04
5.790158984375000000e+04
5.911788671875000000e+04
5.841980859375000000e+04
5.738394531250000000e+04
5.726921093750000000e+04
5.666703515625000000e+04
5.646176562500000000e+04
5.668215234375000000e+04
5.663407421875000000e+04
5.653164062500000000e+04
5.704562109375000000e+04
5.704122265625000000e+04
5.724066015625000000e+04
5.671021875000000000e+04
5.668955859375000000e+04
5.703499609375000000e+04
5.716210546875000000e+04
5.747867968750000000e+04
5.753874218750000000e+04
5.764826953125000000e+04
5.736303906250000000e+04
5.713648828125000000e+04
5.626525390625000000e+04
5.641688281250000000e+04
5.723016796875000000e+04
5.873914453125000000e+04
6.121933203125000000e+04
6.176724218750000000e+04
6.092844140625000000e+04
5.908083203125000000e+04
5.829673437500000000e+04
5.782407812500000000e+04
5.825582421875000000e+04
5.821826953125000000e+04
5.833120312500000000e+04
5.926870703125000000e+04
6.218273437500000000e+04
6.399060937500000000e+04
6.268296875000000000e+04
6.010178125000000000e+04
5.868387500000000000e+04
5.826826953125000000e+04
5.771926171875000000e+04
5.669260156250000000e+04
5.734317578125000000e+04
6.263735937500000000e+04
7.217071093750000000e+04
7.749189062500000000e+04
7.462938281250000000e+04
7.661970312500000000e+04
9.014607812500000000e+04
9.963786718750000000e+04
9.010275781250000000e+04
7.338392187500000000e+04
6.305019921875000000e+04
5.925048046875000000e+04
5.973330468750000000e+04
6.675807031250000000e+04
8.291160937500000000e+04
1.029186562500000000e+05
1.054847500000000000e+05
8.793113281250000000e+04
6.838835156250000000e+04
6.044796093750000000e+04
5.867387890625000000e+04
5.805967187500000000e+04
5.614089453125000000e+04
5.468421875000000000e+04
5.413098828125000000e+04
5.572778906250000000e+04
5.965578515625000000e+04
6.681438281250000000e+04
7.118317968750000000e+04
6.789886718750000000e+04
6.157991406250000000e+04
5.714226953125000000e+04
5.661744140625000000e+04
5.732221093750000000e+04
5.755258203125000000e+04
5.765448046875000000e+04
5.716995703125000000e+04
5.505587500000000000e+04
5.406605859375000000e+04
5.450491406250000000e+04
5.576209765625000000e+04
5.642151953125000000e+04
5.676864453125000000e+04
5.639152343750000000e+04
5.590984765625000000e+04
5.600517578125000000e+04
5.643535937500000000e+04
5.634883203125000000e+04
5.751457031250000000e+04
5.800847656250000000e+04
5.701633593750000000e+04
5.611212890625000000e+04
5.658991406250000000e+04
5.649849609375000000e+04
5.560457031250000000e+04
5.550669921875000000e+04
5.662752343750000000e+04
5.635828906250000000e+04
5.513346093750000000e+04
5.432363671875000000e+04
5.505762890625000000e+04
5.945542968750000000e+04
7.474814062500000000e+04
1.162137656250000000e+05
1.701380000000000000e+05
1.783428437500000000e+05
1.305893203125000000e+05
8.258557031250000000e+04
6.340179296875000000e+04
5.870588671875000000e+04
5.858236328125000000e+04
6.008681640625000000e+04
6.056537500000000000e+04
6.157019140625000000e+04
7.365817968750000000e+04
9.100046875000000000e+04
9.511594531250000000e+04
8.119925781250000000e+04
6.573090625000000000e+04
5.948794140625000000e+04
5.862498437500000000e+04
5.835372265625000000e+04
5.885176171875000000e+04
5.835839453125000000e+04
5.823462109375000000e+04
5.866273046875000000e+04
5.867520703125000000e+04
5.795106250000000000e+04
5.791347265625000000e+04
5.865604687500000000e+04
6.239835546875000000e+04
6.653508593750000000e+04
6.586576562500000000e+04
6.102752734375000000e+04
5.705557421875000000e+04
5.479431640625000000e+04
5.418798046875000000e+04
5.462066796875000000e+04
5.530728906250000000e+04
5.613089453125000000e+04
5.628254296875000000e+04
5.660766406250000000e+04
5.728791015625000000e+04
5.829928125000000000e+04
6.232692187500000000e+04
7.348795312500000000e+04
8.398289843750000000e+04
8.143342187500000000e+04
6.953001562500000000e+04
6.066710937500000000e+04
5.903327734375000000e+04
5.994180468750000000e+04
6.069333593750000000e+04
6.042767968750000000e+04
5.950391015625000000e+04
5.928026562500000000e+04
5.783234375000000000e+04
5.813402734375000000e+04
5.774998828125000000e+04
5.785069921875000000e+04
5.780939453125000000e+04
5.822929687500000000e+04
6.230645703125000000e+04
8.671057812500000000e+04
1.372055156250000000e+05
1.657755937500000000e+05
1.368914375000000000e+05
8.864868750000000000e+04
6.431588671875000000e+04
5.898511718750000000e+04
5.818181640625000000e+04
5.799479687500000000e+04
5.719355859375000000e+04
5.725907031250000000e+04
5.767105078125000000e+04
5.821931640625000000e+04
5.896552343750000000e+04
6.065440625000000000e+04
6.208180078125000000e+04
6.250972656250000000e+04
6.157607812500000000e+04
6.137830859375000000e+04
6.493098437500000000e+04
7.787314062500000000e+04
9.075442968750000000e+04
8.885548437500000000e+04
7.487293750000000000e+04
6.488392968750000000e+04
6.183054296875000000e+04
6.202344140625000000e+04
6.321167187500000000e+04
6.390962109375000000e+04
6.306427343750000000e+04
6.197731640625000000e+04
6.061745312500000000e+04
6.000746875000000000e+04
5.967353125000000000e+04
5.942758984375000000e+04
6.201873828125000000e+04
8.327587500000000000e+04
1.337114687500000000e+05
1.720489062500000000e+05
1.502156406250000000e+05
9.835077343750000000e+04
6.785858593750000000e+04
6.006112109375000000e+04
5.810339453125000000e+04
5.747680468750000000e+04
5.746149609375000000e+04
5.773989062500000000e+04
5.854560937500000000e+04
5.865000000000000000e+04
5.760721093750000000e+04
5.842407031250000000e+04
6.502364062500000000e+04
9.564616406250000000e+04
1.584244062500000000e+05
2.058249843750000000e+05
1.813697968750000000e+05
1.170983828125000000e+05
7.401557031250000000e+04
6.049937500000000000e+04
5.767696875000000000e+04
5.783805859375000000e+04
5.793780468750000000e+04
5.853475000000000000e+04
6.533572656250000000e+04
7.726771875000000000e+04
8.248368750000000000e+04
7.462800781250000000e+04
6.495307812500000000e+04
6.179712500000000000e+04
6.102858984375000000e+04
6.055940625000000000e+04
6.034415234375000000e+04
5.938122265625000000e+04
5.934674218750000000e+04
5.901410937500000000e+04
5.807617578125000000e+04
5.780736718750000000e+04
6.331515234375000000e+04
8.606682812500000000e+04
1.243992031250000000e+05
1.384593125000000000e+05
1.132038593750000000e+05
7.988037500000000000e+04
6.494237890625000000e+04
6.106817578125000000e+04
5.981882812500000000e+04
5.966113671875000000e+04
6.147217187500000000e+04
6.635345312500000000e+04
7.297985156250000000e+04
7.724853125000000000e+04
7.594033593750000000e+04
7.065480468750000000e+04
6.429010546875000000e+04
6.039518750000000000e+04
5.895233593750000000e+04
5.925525000000000000e+04
5.886682031250000000e+04
5.910003515625000000e+04
5.918483593750000000e+04
5.946355468750000000e+04
6.016166015625000000e+04
6.085794531250000000e+04
6.175114453125000000e+04
6.179628125000000000e+04
6.110898437500000000e+04
5.981314843750000000e+04
5.802596093750000000e+04
5.771901171875000000e+04
5.815083593750000000e+04
5.952319921875000000e+04
6.081778125000000000e+04
6.563535937500000000e+04
7.318607031250000000e+04
7.588572656250000000e+04
7.034475000000000000e+04
6.250091406250000000e+04
5.892643359375000000e+04
5.868426171875000000e+04
6.025651953125000000e+04
6.053224609375000000e+04
5.955527343750000000e+04
5.942983984375000000e+04
5.882673828125000000e+04
6.005191015625000000e+04
6.856166406250000000e+04
8.610907031250000000e+04
9.716794531250000000e+04
8.810296875000000000e+04
7.157564062500000000e+04
6.214018359375000000e+04
5.999259765625000000e+04
5.981287500000000000e+04
6.000386328125000000e+04
5.953857812500000000e+04
5.925964062500000000e+04
5.977087109375000000e+04
6.098401171875000000e+04
6.127404296875000000e+04
6.081822265625000000e+04
6.020100781250000000e+04
5.990801562500000000e+04
5.997319531250000000e+04
5.965370703125000000e+04
5.945326953125000000e+04
5.982096093750000000e+04
6.025968750000000000e+04
6.038689453125000000e+04
6.098246484375000000e+04
6.202766796875000000e+04
6.084881640625000000e+04
6.029704296875000000e+04
6.040447656250000000e+04
6.038754687500000000e+04
6.095768750000000000e+04
6.122342187500000000e+04
6.043354296875000000e+04
6.043356250000000000e+04
5.999585156250000000e+04
5.973882031250000000e+04
6.130592578125000000e+04
6.310680078125000000e+04
6.436357031250000000e+04
6.513260937500000000e+04
6.477474218750000000e+04
6.406594140625000000e+04
6.395001171875000000e+04
6.609209375000000000e+04
6.868549218750000000e+04
6.696047656250000000e+04
6.383915625000000000e+04
6.107820703125000000e+04
6.037825781250000000e+04
6.108832031250000000e+04
6.093614843750000000e+04
6.093971484375000000e+04
6.080763281250000000e+04
6.111923046875000000e+04
6.503220703125000000e+04
7.207570312500000000e+04
7.638111718750000000e+04
7.455257812500000000e+04
7.017105468750000000e+04
7.274142968750000000e+04
8.679649218750000000e+04
1.253554609375000000e+05
2.223001875000000000e+05
4.056449062500000000e+05
6.345316250000000000e+05
7.873880000000000000e+05
7.577496875000000000e+05
5.945781250000000000e+05
3.989638750000000000e+05
2.417097968750000000e+05
1.428438437500000000e+05
9.125433593750000000e+04
7.093297656250000000e+04
6.437365234375000000e+04
6.256014453125000000e+04
6.098573828125000000e+04
6.062707031250000000e+04
6.036083593750000000e+04
6.010923437500000000e+04
5.940371093750000000e+04
6.024434765625000000e+04
6.064548046875000000e+04
6.106760156250000000e+04
6.115136328125000000e+04
6.225650000000000000e+04
6.294053515625000000e+04
6.138276562500000000e+04
6.065498046875000000e+04
6.038528906250000000e+04
6.020695703125000000e+04
6.056117968750000000e+04
6.103025390625000000e+04
6.023787500000000000e+04
6.029168750000000000e+04
6.100199609375000000e+04
6.062931640625000000e+04
6.064621875000000000e+04
6.067831250000000000e+04
6.142217968750000000e+04
6.366048828125000000e+04
6.902647656250000000e+04
7.320028125000000000e+04
7.538116406250000000e+04
7.526550000000000000e+04
7.392642968750000000e+04
6.860974218750000000e+04
6.441521875000000000e+04
6.165450000000000000e+04
6.070393359375000000e+04
6.070158203125000000e+04
5.990852734375000000e+04
5.936261718750000000e+04
6.061131250000000000e+04
6.276754687500000000e+04
6.580685156250000000e+04
6.655804687500000000e+04
6.368187890625000000e+04
6.090623828125000000e+04
5.968247265625000000e+04
5.914526171875000000e+04
5.972018750000000000e+04
5.959422656250000000e+04
5.912060156250000000e+04
5.918918359375000000e+04
5.966481250000000000e+04
5.970514453125000000e+04
5.931655468750000000e+04
5.887663671875000000e+04
5.849261328125000000e+04
5.825271875000000000e+04
5.810042187500000000e+04
5.774569531250000000e+04
5.742254687500000000e+04
5.738278906250000000e+04
5.829581640625000000e+04
5.797792968750000000e+04
5.873317968750000000e+04
5.850688281250000000e+04
5.825925000000000000e+04
5.833032031250000000e+04
5.821750000000000000e+04
5.789220703125000000e+04
5.810728125000000000e+04
5.876589843750000000e+04
6.003122265625000000e+04
6.081578125000000000e+04
6.068886328125000000e+04
5.996803125000000000e+04
5.952356640625000000e+04
5.909841796875000000e+04
5.891882812500000000e+04
5.963694921875000000e+04
5.957130078125000000e+04
5.936198828125000000e+04
5.927438671875000000e+04
5.958930859375000000e+04
5.939813671875000000e+04
5.884490625000000000e+04
5.893537109375000000e+04
5.876328515625000000e+04
5.903082812500000000e+04
5.878144140625000000e+04
5.810066406250000000e+04
5.834063281250000000e+04
5.798664453125000000e+04
5.800274609375000000e+04
5.855928125000000000e+04
5.945748437500000000e+04
6.150518359375000000e+04
6.379060546875000000e+04
6.512171875000000000e+04
6.429007031250000000e+04
6.250614062500000000e+04
6.131232031250000000e+04
6.028221093750000000e+04
5.998225390625000000e+04
5.918319921875000000e+04
5.960158593750000000e+04
6.143845312500000000e+04
6.362564453125000000e+04
6.256235937500000000e+04
6.124307812500000000e+04
5.954751953125000000e+04
5.978521875000000000e+04
6.078284765625000000e+04
6.068432812500000000e+04
6.092243750000000000e+04
6.047302734375000000e+04
5.940644921875000000e+04
5.988647265625000000e+04
5.988472656250000000e+04
6.024976171875000000e+04
5.975240625000000000e+04
5.979907421875000000e+04
5.932776953125000000e+04
5.890998437500000000e+04
6.085250390625000000e+04
6.393123046875000000e+04
6.863883593750000000e+04
7.093475000000000000e+04
7.284220312500000000e+04
6.946236718750000000e+04
6.426838281250000000e+04
6.110871484375000000e+04
5.938335156250000000e+04
5.903907031250000000e+04
5.886271093750000000e+04
5.849969140625000000e+04
5.853487890625000000e+04
5.846085156250000000e+04
5.853235546875000000e+04
5.822660156250000000e+04
5.896921875000000000e+04
5.867408203125000000e+04
5.840478515625000000e+04
5.765803515625000000e+04
5.717258984375000000e+04
5.729614453125000000e+04
5.671654687500000000e+04
5.742594531250000000e+04
5.922332421875000000e+04
5.942601171875000000e+04
5.893787890625000000e+04
6.122797656250000000e+04
6.600891406250000000e+04
6.862158593750000000e+04
6.772671875000000000e+04
6.521380859375000000e+04
6.177526171875000000e+04
5.931969531250000000e+04
5.853016796875000000e+04
5.864271093750000000e+04
5.881530468750000000e+04
5.875169140625000000e+04
5.828869531250000000e+04
5.780392578125000000e+04
5.706073437500000000e+04
5.730837109375000000e+04
5.696405078125000000e+04
5.747929687500000000e+04
5.921792968750000000e+04
6.090801562500000000e+04
6.220347265625000000e+04
6.116678906250000000e+04
5.973817968750000000e+04
5.976026953125000000e+04
6.038733203125000000e+04
6.000339453125000000e+04
6.103809375000000000e+04
6.259777343750000000e+04
6.286019140625000000e+04
6.160788671875000000e+04
6.033333203125000000e+04
5.981020703125000000e+04
5.886280078125000000e+04
5.878018750000000000e+04
5.802137109375000000e+04
5.789318359375000000e+04
5.781450781250000000e+04
5.799825390625000000e+04
5.776878906250000000e+04
5.803337890625000000e+04
5.862508984375000000e+04
5.822252343750000000e+04
5.752657421875000000e+04
5.800758593750000000e+04
5.845516015625000000e+04
5.971818750000000000e+04
6.151026953125000000e+04
6.417023828125000000e+04
6.628899218750000000e+04
6.615651562500000000e+04
6.429979296875000000e+04
6.163719531250000000e+04
6.004142968750000000e+04
5.880180468750000000e+04
5.830063281250000000e+04
5.826723046875000000e+04
5.796480078125000000e+04
5.816473437500000000e+04
5.828608984375000000e+04
5.859091015625000000e+04
5.806448828125000000e+04
5.750840625000000000e+04
5.764606250000000000e+04
5.759027343750000000e+04
5.752712500000000000e+04
5.752355859375000000e+04
5.755935937500000000e+04
5.751813281250000000e+04
5.713487890625000000e+04
5.855712500000000000e+04
5.869866406250000000e+04
5.847317968750000000e+04
5.775061328125000000e+04
5.728281640625000000e+04
5.675505468750000000e+04
5.662483984375000000e+04
5.708325390625000000e+04
5.758585546875000000e+04
5.756787890625000000e+04
5.774008984375000000e+04
5.779394921875000000e+04
5.757623046875000000e+04
5.806886328125000000e+04
5.837314453125000000e+04
5.803636718750000000e+04
5.844650390625000000e+04
5.794710156250000000e+04
5.849935937500000000e+04
5.861489453125000000e+04
5.890443750000000000e+04
5.817125781250000000e+04
5.759087500000000000e+04
5.757238671875000000e+04
5.712908203125000000e+04
5.719407812500000000e+04
5.784612500000000000e+04
5.878018750000000000e+04
5.948370703125000000e+04
5.955844531250000000e+04
5.877552343750000000e+04
5.721606250000000000e+04
5.737016015625000000e+04
5.829800390625000000e+04
5.952383593750000000e+04
6.105519921875000000e+04
6.140733593750000000e+04
6.032886328125000000e+04
5.987764062500000000e+04
5.875192578125000000e+04
5.811811718750000000e+04
5.795269531250000000e+04
5.851553515625000000e+04
5.958951953125000000e+04
6.341133984375000000e+04
7.191528125000000000e+04
8.416871093750000000e+04
9.619610156250000000e+04
9.928108593750000000e+04
9.262889062500000000e+04
8.181131250000000000e+04
7.174921093750000000e+04
6.492490234375000000e+04
6.135881250000000000e+04
5.972669140625000000e+04
5.873466015625000000e+04
5.843389062500000000e+04
5.801867187500000000e+04
5.764193359375000000e+04
5.817210937500000000e+04
5.849700390625000000e+04
5.881278515625000000e+04
5.890606640625000000e+04
5.838388671875000000e+04
5.794008593750000000e+04
5.823048437500000000e+04
5.828458203125000000e+04
5.865166796875000000e+04
5.903684765625000000e+04
6.053557812500000000e+04
6.353117968750000000e+04
7.166458593750000000e+04
8.162352343750000000e+04
8.812171875000000000e+04
8.722164843750000000e+04
8.051629687500000000e+04
7.193689062500000000e+04
6.550228906250000000e+04
6.117550781250000000e+04
5.875533984375000000e+04
5.847818750000000000e+04
5.739659375000000000e+04
5.697426171875000000e+04
5.671333203125000000e+04
5.726614453125000000e+04
5.744410546875000000e+04
5.696064453125000000e+04
5.672244921875000000e+04
5.731155468750000000e+04
5.839195703125000000e+04
5.827479687500000000e+04
5.735514453125000000e+04
5.776795312500000000e+04
5.764626562500000000e+04
5.851220312500000000e+04
5.881455859375000000e+04
5.804600781250000000e+04
5.764557421875000000e+04
5.699326171875000000e+04
5.708655468750000000e+04
5.745815625000000000e+04
5.747791796875000000e+04
5.992492968750000000e+04
7.460386718750000000e+04
1.007001953125000000e+05
1.166726562500000000e+05
1.208000312500000000e+05
1.484924218750000000e+05
1.859008281250000000e+05
1.733355781250000000e+05
1.164116093750000000e+05
7.570291406250000000e+04
6.715549218750000000e+04
7.243044531250000000e+04
8.502170312500000000e+04
1.233960468750000000e+05
1.913555468750000000e+05
2.198057343750000000e+05
1.677338593750000000e+05
9.924852343750000000e+04
6.807570312500000000e+04
6.039507031250000000e+04
5.872118359375000000e+04
5.795286328125000000e+04
5.839608984375000000e+04
6.118398828125000000e+04
6.547162890625000000e+04
6.720132812500000000e+04
6.966313281250000000e+04
8.408230468750000000e+04
9.854411718750000000e+04
9.082303125000000000e+04
7.139114062500000000e+04
6.667450000000000000e+04
6.668449218750000000e+04
6.681698437500000000e+04
6.679753906250000000e+04
6.681509375000000000e+04
6.701425000000000000e+04
6.702327343750000000e+04
6.711371093750000000e+04
6.712237500000000000e+04
6.712190625000000000e+04
6.696096093750000000e+04
6.692671875000000000e+04
6.695667968750000000e+04
6.696974218750000000e+04
6.673090625000000000e+04
6.627605468750000000e+04
6.649921875000000000e+04
6.620793750000000000e+04
6.628657031250000000e+04
6.625856250000000000e+04
6.623187500000000000e+04
6.583980468750000000e+04
6.582908593750000000e+04
6.625617187500000000e+04
6.572466406250000000e+04
6.765832812500000000e+04
6.735714843750000000e+04
6.679553125000000000e+04
6.643082812500000000e+04
6.657519531250000000e+04
6.614688281250000000e+04
6.629961718750000000e+04
7.201821875000000000e+04
1.001988203125000000e+05
1.869782031250000000e+05
3.408961250000000000e+05
4.087869375000000000e+05
2.938421875000000000e+05
1.378085000000000000e+05
7.180058593750000000e+04
6.554850781250000000e+04
6.583403906250000000e+04
6.590659375000000000e+04
6.613025781250000000e+04
6.606128125000000000e+04
6.610758593750000000e+04
6.654397656250000000e+04
6.735669531250000000e+04
7.220054687500000000e+04
7.127825781250000000e+04
6.663915625000000000e+04
6.612630468750000000e+04
6.598068750000000000e+04
6.588471875000000000e+04
6.597773437500000000e+04
6.606657812500000000e+04
6.633497656250000000e+04
6.640621875000000000e+04
6.597417187500000000e+04
6.593782812500000000e+04
6.598719531250000000e+04
6.594282031250000000e+04
6.588896875000000000e+04
6.604667968750000000e+04
6.665833593750000000e+04
8.037925000000000000e+04
9.162356250000000000e+04
8.568510937500000000e+04
7.215361718750000000e+04
6.631864843750000000e+04
6.606889062500000000e+04
6.581458593750000000e+04
6.595664843750000000e+04
6.589341406250000000e+04
6.596751562500000000e+04
6.625265625000000000e+04
6.620245312500000000e+04
6.622615625000000000e+04
6.602546875000000000e+04
8.364528125000000000e+04
1.102816328125000000e+05
1.092897890625000000e+05
8.115079687500000000e+04
6.688068750000000000e+04
6.658346875000000000e+04
6.662380468750000000e+04
6.653052343750000000e+04
6.660211718750000000e+04
6.672546875000000000e+04
6.706858593750000000e+04
6.673549218750000000e+04
6.629171875000000000e+04
6.580835937500000000e+04
6.557604687500000000e+04
6.556376562500000000e+04
6.559047656250000000e+04
6.550183203125000000e+04
6.542507421875000000e+04
6.574605468750000000e+04
6.994344531250000000e+04
9.456817187500000000e+04
1.033468828125000000e+05
8.483656250000000000e+04
6.617902343750000000e+04
6.578852343750000000e+04
6.590912500000000000e+04
6.585675781250000000e+04
6.547181250000000000e+04
6.546571093750000000e+04
6.547085546875000000e+04
6.537582031250000000e+04
6.534807031250000000e+04
6.529972265625000000e+04
6.529783984375000000e+04
6.502150781250000000e+04
6.522827343750000000e+04
6.537334375000000000e+04
6.553558203125000000e+04
6.560485937500000000e+04
6.841351562500000000e+04
1.026719531250000000e+05
1.452221718750000000e+05
1.424864843750000000e+05
9.674391406250000000e+04
6.612921875000000000e+04
6.578200000000000000e+04
6.591557031250000000e+04
6.601709375000000000e+04
6.613083593750000000e+04
6.607690625000000000e+04
6.581949218750000000e+04
6.600003906250000000e+04
6.582335937500000000e+04
6.552970703125000000e+04
6.530257812500000000e+04
6.522623437500000000e+04
6.514679687500000000e+04
6.520229687500000000e+04
9.722871093750000000e+04
1.750078593750000000e+05
2.255728593750000000e+05
1.818077968750000000e+05
1.030541562500000000e+05
6.673542187500000000e+04
6.511304687500000000e+04
6.477745703125000000e+04
6.462628515625000000e+04
6.474079687500000000e+04
6.408649218750000000e+04
6.385673046875000000e+04
6.382311718750000000e+04
6.372151953125000000e+04
6.364548046875000000e+04
6.398959375000000000e+04
6.373335937500000000e+04
6.383506250000000000e+04
6.393193359375000000e+04
6.422256640625000000e+04
6.431742578125000000e+04
6.442583593750000000e+04
6.450960156250000000e+04
6.485071875000000000e+04
6.506093359375000000e+04
6.484603906250000000e+04
6.486682812500000000e+04
6.467482031250000000e+04
6.469969140625000000e+04
7.881817968750000000e+04
1.107488750000000000e+05
1.217539218750000000e+05
9.672342187500000000e+04
6.948020312500000000e+04
6.739882812500000000e+04
6.852790625000000000e+04
6.770745312500000000e+04
6.644365625000000000e+04
6.487197265625000000e+04
6.399334375000000000e+04
6.447382812500000000e+04
6.456217578125000000e+04
6.371136328125000000e+04
6.374516015625000000e+04
6.362065625000000000e+04
7.064695312500000000e+04
1.327759843750000000e+05
2.120353437500000000e+05
2.159022187500000000e+05
1.410693281250000000e+05
7.892502343750000000e+04
6.243410156250000000e+04
6.272067187500000000e+04
6.251275000000000000e+04
5.957857812500000000e+04
5.638550781250000000e+04
5.685265234375000000e+04
5.864235156250000000e+04
6.061192578125000000e+04
6.014944531250000000e+04
5.880338281250000000e+04
5.855933984375000000e+04
6.019483593750000000e+04
6.104627734375000000e+04
6.054048437500000000e+04
5.921283984375000000e+04
5.836461328125000000e+04
5.781479687500000000e+04
5.775581250000000000e+04
5.704812109375000000e+04
5.828955468750000000e+04
5.972464062500000000e+04
6.033817968750000000e+04
6.004762500000000000e+04
5.880950000000000000e+04
5.902869531250000000e+04
6.132893359375000000e+04
6.491378125000000000e+04
6.674186718750000000e+04
6.596659375000000000e+04
6.274317187500000000e+04
6.174932031250000000e+04
6.764979687500000000e+04
8.743920312500000000e+04
1.065109375000000000e+05
9.946479687500000000e+04
7.527088281250000000e+04
6.146768750000000000e+04
5.973718750000000000e+04
6.017021484375000000e+04
5.964776562500000000e+04
5.892077734375000000e+04
5.915496875000000000e+04
6.009722656250000000e+04
6.109832812500000000e+04
6.148888671875000000e+04
6.254416796875000000e+04
7.989861718750000000e+04
1.287169531250000000e+05
1.696747031250000000e+05
1.521299687500000000e+05
1.007933906250000000e+05
6.877014843750000000e+04
5.910187890625000000e+04
5.722825000000000000e+04
5.736071484375000000e+04
6.045339062500000000e+04
6.276529296875000000e+04
6.305363281250000000e+04
6.111744140625000000e+04
5.932787109375000000e+04
5.915960546875000000e+04
5.891094921875000000e+04
5.966591015625000000e+04
5.971002343750000000e+04
5.920215625000000000e+04
5.803098046875000000e+04
5.590780468750000000e+04
5.558547265625000000e+04
5.567878125000000000e+04
5.612066406250000000e+04
5.731532031250000000e+04
5.845012109375000000e+04
5.762663281250000000e+04
5.588147656250000000e+04
5.387722265625000000e+04
5.222299218750000000e+04
5.311631250000000000e+04
5.502708984375000000e+04
5.814908984375000000e+04
6.018858593750000000e+04
6.207840234375000000e+04
6.172951953125000000e+04
5.833020312500000000e+04
5.460824218750000000e+04
5.422698437500000000e+04
5.571997656250000000e+04
5.796699218750000000e+04
5.881046875000000000e+04
5.854649609375000000e+04
5.764957812500000000e+04
5.778105078125000000e+04
6.330309765625000000e+04
7.497371875000000000e+04
8.037976562500000000e+04
7.030524218750000000e+04
5.704949218750000000e+04
5.342871484375000000e+04
5.394943359375000000e+04
5.420506250000000000e+04
5.419352734375000000e+04
5.461124218750000000e+04
5.501088281250000000e+04
5.566732421875000000e+04
5.639364843750000000e+04
6.475477343750000000e+04
8.439787500000000000e+04
9.968867968750000000e+04
9.467000781250000000e+04
7.389934375000000000e+04
5.983022265625000000e+04
5.589907812500000000e+04
5.562317578125000000e+04
5.480883984375000000e+04
5.245076171875000000e+04
5.010461328125000000e+04
4.948463671875000000e+04
5.063683593750000000e+04
5.299130468750000000e+04
5.454808984375000000e+04
5.497775781250000000e+04
5.493108203125000000e+04
5.529181250000000000e+04
5.544269921875000000e+04
5.544974609375000000e+04
5.523181250000000000e+04
5.472821093750000000e+04
5.359593359375000000e+04
5.216753515625000000e+04
5.217292968750000000e+04
5.355078515625000000e+04
5.455203906250000000e+04
5.483343750000000000e+04
5.354160937500000000e+04
5.159655078125000000e+04
5.058246875000000000e+04
5.153206250000000000e+04
5.391501171875000000e+04
5.716415234375000000e+04
5.884313281250000000e+04
5.835542187500000000e+04
5.641546875000000000e+04
5.575742968750000000e+04
5.541997265625000000e+04
5.565487890625000000e+04
5.537050781250000000e+04
5.563739062500000000e+04
5.525150390625000000e+04
5.540298828125000000e+04
5.526708984375000000e+04
5.553947265625000000e+04
5.460479296875000000e+04
5.382877734375000000e+04
5.297630078125000000e+04
5.304640625000000000e+04
5.325105859375000000e+04
5.351276953125000000e+04
5.388580078125000000e+04
5.815231250000000000e+04
6.710233593750000000e+04
7.069525000000000000e+04
6.515916406250000000e+04
5.900430468750000000e+04
5.604894531250000000e+04
5.610428515625000000e+04
5.686452343750000000e+04
5.941244921875000000e+04
6.258383984375000000e+04
6.616788281250000000e+04
7.003201562500000000e+04
7.811242968750000000e+04
8.970602343750000000e+04
9.317352343750000000e+04
8.521450000000000000e+04
7.575497656250000000e+04
7.019204687500000000e+04
6.758967187500000000e+04
6.767955468750000000e+04
6.655528125000000000e+04
6.427709375000000000e+04
6.383023437500000000e+04
6.446212890625000000e+04
6.389862109375000000e+04
6.191103906250000000e+04
6.003350390625000000e+04
5.945468359375000000e+04
5.904503906250000000e+04
5.717342968750000000e+04
5.606002343750000000e+04
5.490213281250000000e+04
5.500237500000000000e+04
5.567514062500000000e+04
5.764264453125000000e+04
5.941536328125000000e+04
5.945776171875000000e+04
6.096380078125000000e+04
6.144442187500000000e+04
6.385478125000000000e+04
6.576762500000000000e+04
6.607299218750000000e+04
6.352462890625000000e+04
6.013069531250000000e+04
6.078114453125000000e+04
6.465538281250000000e+04
6.795390625000000000e+04
6.793246093750000000e+04
6.331132421875000000e+04
5.881567578125000000e+04
5.932626953125000000e+04
6.329957031250000000e+04
6.745112500000000000e+04
6.721191406250000000e+04
6.251651171875000000e+04
5.721033203125000000e+04
5.572237109375000000e+04
5.839102343750000000e+04
6.314266406250000000e+04
6.639976562500000000e+04
6.597400781250000000e+04
6.165671875000000000e+04
5.706090234375000000e+04
5.565695312500000000e+04
5.727606250000000000e+04
6.034411328125000000e+04
6.355894531250000000e+04
6.415132421875000000e+04
6.162332031250000000e+04
5.870864843750000000e+04
5.631349218750000000e+04
5.633753906250000000e+04
5.969649218750000000e+04
6.742643750000000000e+04
7.353242968750000000e+04
7.168615625000000000e+04
6.356059765625000000e+04
5.728902734375000000e+04
5.513314062500000000e+04
5.536857812500000000e+04
5.626463281250000000e+04
5.788349609375000000e+04
6.004758203125000000e+04
6.402899218750000000e+04
6.963855468750000000e+04
7.354496093750000000e+04
7.162261718750000000e+04
6.653059375000000000e+04
6.251592578125000000e+04
6.129218359375000000e+04
6.033578125000000000e+04
6.029792578125000000e+04
5.959886718750000000e+04
5.806159375000000000e+04
5.712343359375000000e+04
5.692650000000000000e+04
5.626403515625000000e+04
5.567289062500000000e+04
5.569021484375000000e+04
5.595961328125000000e+04
5.631328125000000000e+04
5.610857421875000000e+04
5.605410546875000000e+04
5.554916406250000000e+04
5.508616015625000000e+04
5.619315234375000000e+04
5.703835937500000000e+04
5.700540234375000000e+04
5.605548046875000000e+04
5.584158203125000000e+04
5.524082421875000000e+04
5.666569921875000000e+04
5.739171484375000000e+04
5.673988281250000000e+04
5.608819921875000000e+04
5.458338671875000000e+04
5.435731640625000000e+04
5.529613671875000000e+04
5.664739843750000000e+04
5.751704687500000000e+04
5.751528515625000000e+04
5.642002343750000000e+04
5.522065625000000000e+04
5.538779687500000000e+04
5.634001562500000000e+04
5.584529296875000000e+04
5.659091796875000000e+04
5.698455468750000000e+04
5.619178125000000000e+04
5.523899218750000000e+04
5.467493359375000000e+04
5.484962890625000000e+04
5.528749609375000000e+04
5.594546093750000000e+04
5.719232031250000000e+04
5.747006250000000000e+04
5.654235546875000000e+04
5.535627343750000000e+04
5.498908203125000000e+04
5.447780859375000000e+04
5.460305859375000000e+04
5.445783593750000000e+04
5.412746484375000000e+04
5.460740625000000000e+04
5.416344921875000000e+04
5.525942968750000000e+04
5.566223437500000000e+04
5.538246093750000000e+04
5.555407031250000000e+04
5.581100000000000000e+04
5.628360156250000000e+04
5.849260546875000000e+04
6.289912109375000000e+04
6.608338281250000000e+04
6.496524218750000000e+04
6.079336328125000000e+04
5.809313281250000000e+04
5.604860546875000000e+04
5.479966796875000000e+04
5.444896093750000000e+04
5.564255468750000000e+04
5.920183984375000000e+04
6.418603906250000000e+04
6.640027343750000000e+04
6.354084375000000000e+04
6.014815234375000000e+04
5.961113671875000000e+04
5.971629296875000000e+04
6.093461718750000000e+04
6.133817578125000000e+04
6.093544531250000000e+04
5.997871875000000000e+04
5.944551562500000000e+04
5.937250390625000000e+04
5.935260156250000000e+04
5.979640625000000000e+04
6.014892187500000000e+04
6.032561328125000000e+04
6.286845703125000000e+04
6.608071875000000000e+04
6.863809375000000000e+04
7.068897656250000000e+04
7.141743750000000000e+04
7.171920312500000000e+04
7.075763281250000000e+04
6.995042187500000000e+04
7.009752343750000000e+04
7.118643750000000000e+04
7.040446093750000000e+04
6.981101562500000000e+04
6.955678906250000000e+04
6.769271093750000000e+04
6.462590234375000000e+04
6.053323437500000000e+04
6.019086718750000000e+04
6.019639453125000000e+04
6.053183984375000000e+04
6.050268359375000000e+04
6.047116406250000000e+04
6.063607421875000000e+04
6.039964062500000000e+04
6.048109375000000000e+04
6.044847656250000000e+04
6.069448437500000000e+04
6.089841796875000000e+04
6.081015625000000000e+04
6.091870312500000000e+04
6.090205859375000000e+04
6.105546484375000000e+04
6.135303515625000000e+04
6.133455468750000000e+04
6.134307031250000000e+04
6.124705468750000000e+04
6.287027343750000000e+04
6.505151562500000000e+04
6.474444140625000000e+04
6.186392187500000000e+04
6.129514843750000000e+04
6.117796093750000000e+04
6.152518750000000000e+04
6.163314453125000000e+04
6.308642578125000000e+04
6.157164843750000000e+04
6.153092187500000000e+04
6.116388671875000000e+04
6.119492187500000000e+04
6.178581250000000000e+04
6.206304296875000000e+04
6.210466796875000000e+04
6.208273437500000000e+04
6.190185937500000000e+04
6.188057031250000000e+04
6.193548437500000000e+04
6.175621093750000000e+04
6.205999218750000000e+04
6.194107812500000000e+04
6.210737109375000000e+04
6.184763281250000000e+04
6.191099218750000000e+04
6.182173437500000000e+04
6.208650000000000000e+04
6.201922656250000000e+04
6.238635156250000000e+04
6.249281250000000000e+04
6.327946875000000000e+04
6.293567968750000000e+04
6.345145312500000000e+04
6.364777343750000000e+04
6.346448437500000000e+04
6.295108984375000000e+04
6.305320703125000000e+04
6.340587500000000000e+04
6.329969921875000000e+04
6.315633203125000000e+04
6.278345312500000000e+04
6.255356640625000000e+04
6.260313281250000000e+04
6.241530859375000000e+04
6.257213281250000000e+04
6.297358203125000000e+04
6.308825781250000000e+04
6.375275781250000000e+04
6.392903125000000000e+04
6.470420703125000000e+04
6.468721875000000000e+04
6.405337109375000000e+04
6.381269531250000000e+04
6.409547265625000000e+04
6.423634375000000000e+04
6.434794140625000000e+04
6.419827343750000000e+04
6.412022656250000000e+04
6.420843750000000000e+04
6.426507421875000000e+04
6.431261328125000000e+04
6.427685156250000000e+04
6.426933203125000000e+04
6.432656640625000000e+04
6.474616796875000000e+04
6.502433593750000000e+04
6.525862500000000000e+04
6.503301562500000000e+04
6.496411328125000000e+04
6.518660156250000000e+04
6.522462109375000000e+04
6.525343750000000000e+04
6.544270312500000000e+04
6.560750000000000000e+04
6.558586718750000000e+04
6.578530468750000000e+04
6.591029687500000000e+04
6.582123437500000000e+04
6.561414843750000000e+04
6.564393750000000000e+04
6.570198437500000000e+04
6.574132031250000000e+04
6.579017968750000000e+04
6.548890234375000000e+04
6.555703125000000000e+04
6.580440625000000000e+04
6.616884375000000000e+04
6.611625000000000000e+04
6.599458593750000000e+04
6.594820312500000000e+04
6.618651562500000000e+04
6.608333593750000000e+04
6.603675000000000000e+04
6.597051562500000000e+04
6.590127343750000000e+04
6.571093750000000000e+04
6.635614062500000000e+04
6.775326562500000000e+04
6.987641406250000000e+04
7.253678906250000000e+04
7.539296093750000000e+04
7.623614843750000000e+04
7.352810937500000000e+04
7.201145312500000000e+04
6.983970312500000000e+04
6.835333593750000000e+04
6.741526562500000000e+04
6.736762500000000000e+04
6.721274218750000000e+04
6.805589843750000000e+04
6.796192187500000000e+04
6.855961718750000000e+04
6.840173437500000000e+04
6.754101562500000000e+04
6.749468750000000000e+04
6.718403125000000000e+04
6.704674218750000000e+04
6.714934375000000000e+04
6.704925781250000000e+04
6.753667187500000000e+04
6.733842187500000000e+04
6.681108593750000000e+04
6.691356250000000000e+04
6.735025781250000000e+04
6.755502343750000000e+04
6.849040625000000000e+04
6.858214843750000000e+04
6.853737500000000000e+04
6.869753906250000000e+04
6.874896093750000000e+04
6.928166406250000000e+04
6.924473437500000000e+04
6.908831250000000000e+04
9.104285156250000000e+04
1.516466406250000000e+05
2.142192812500000000e+05
2.594918437500000000e+05
2.925235000000000000e+05
2.825971875000000000e+05
2.232125312500000000e+05
1.662065000000000000e+05
1.246671328125000000e+05
8.743583593750000000e+04
8.486714062500000000e+04
1.748598281250000000e+05
3.424215000000000000e+05
4.249230625000000000e+05
3.304163125000000000e+05
1.901529531250000000e+05
1.209823828125000000e+05
9.105735937500000000e+04
7.168201562500000000e+04
7.066360156250000000e+04
7.026497656250000000e+04
7.049115625000000000e+04
7.050553125000000000e+04
7.130503125000000000e+04
7.325282031250000000e+04
7.336909375000000000e+04
7.730878125000000000e+04
9.397552343750000000e+04
8.910546875000000000e+04
7.246514843750000000e+04
7.115828125000000000e+04
7.898717968750000000e+04
8.224498437500000000e+04
7.236321875000000000e+04
7.212896875000000000e+04
7.225647656250000000e+04
7.226245312500000000e+04
7.236957031250000000e+04
7.257751562500000000e+04
7.270925781250000000e+04
7.272895312500000000e+04
7.350164062500000000e+04
7.546747656250000000e+04
7.447110937500000000e+04
7.349367968750000000e+04
7.355064062500000000e+04
7.295493750000000000e+04
7.275940625000000000e+04
7.260283593750000000e+04
7.307054687500000000e+04
7.328725000000000000e+04
7.368335156250000000e+04
7.406596093750000000e+04
7.399957812500000000e+04
7.410404687500000000e+04
7.430383593750000000e+04
7.429746875000000000e+04
7.421121093750000000e+04
7.490662500000000000e+04
7.493620312500000000e+04
7.437906250000000000e+04
7.405433593750000000e+04
7.305852343750000000e+04
7.334060156250000000e+04
7.648368750000000000e+04
1.264405937500000000e+05
2.370936718750000000e+05
4.425793750000000000e+05
5.968421875000000000e+05
4.986943750000000000e+05
2.475388750000000000e+05
9.137267187500000000e+04
7.481799218750000000e+04
7.468789062500000000e+04
7.491934375000000000e+04
7.512828906250000000e+04
7.578703906250000000e+04
7.594576562500000000e+04
7.572031250000000000e+04
7.491497656250000000e+04
1.014990234375000000e+05
2.037934687500000000e+05
3.061818750000000000e+05
2.913796562500000000e+05
1.853429218750000000e+05
1.030602812500000000e+05
7.554382812500000000e+04
7.525705468750000000e+04
7.498940625000000000e+04
7.497603125000000000e+04
7.544229687500000000e+04
7.623936718750000000e+04
7.560886718750000000e+04
7.604827343750000000e+04
7.724496875000000000e+04
7.755532812500000000e+04
7.696826562500000000e+04
7.687229687500000000e+04
7.682848437500000000e+04
7.703241406250000000e+04
7.685179687500000000e+04
8.795284375000000000e+04
1.209690390625000000e+05
1.260277734375000000e+05
9.758806250000000000e+04
7.689324218750000000e+04
7.662322656250000000e+04
7.665783593750000000e+04
7.729624218750000000e+04
7.740274218750000000e+04
7.750250781250000000e+04
7.775076562500000000e+04
7.769933593750000000e+04
7.791903125000000000e+04
8.003375000000000000e+04
1.344353437500000000e+05
1.820968906250000000e+05
1.661177500000000000e+05
1.063531484375000000e+05
7.859391406250000000e+04
7.825617187500000000e+04
7.784869531250000000e+04
7.793530468750000000e+04
7.805603906250000000e+04
7.801587500000000000e+04
7.807230468750000000e+04
7.757400000000000000e+04
7.780257812500000000e+04
7.832410156250000000e+04
7.910015625000000000e+04
7.880085156250000000e+04
7.862603125000000000e+04
7.857570312500000000e+04
7.825001562500000000e+04
7.814475000000000000e+04
7.849961718750000000e+04
1.697287031250000000e+05
4.069028125000000000e+05
6.368836875000000000e+05
5.860738125000000000e+05
3.143434062500000000e+05
1.131413046875000000e+05
7.937035937500000000e+04
7.933997656250000000e+04
7.948199218750000000e+04
7.954241406250000000e+04
7.966639843750000000e+04
7.923140625000000000e+04
7.903950000000000000e+04
7.894655468750000000e+04
7.914200781250000000e+04
7.923639843750000000e+04
7.906989843750000000e+04
7.931668750000000000e+04
7.900503906250000000e+04
7.892790625000000000e+04
7.911516406250000000e+04
7.950383593750000000e+04
7.940744531250000000e+04
1.206426250000000000e+05
2.128099062500000000e+05
2.652492187500000000e+05
2.134898125000000000e+05
1.207613984375000000e+05
8.008393750000000000e+04
8.010280468750000000e+04
7.972249218750000000e+04
7.966692187500000000e+04
7.914680468750000000e+04
7.913386718750000000e+04
8.015664062500000000e+04
7.915335156250000000e+04
7.882353125000000000e+04
7.855678125000000000e+04
7.885450781250000000e+04
7.881721093750000000e+04
7.941536718750000000e+04
7.951489062500000000e+04
7.934759375000000000e+04
1.478371093750000000e+05
3.740005937500000000e+05
6.546103125000000000e+05
6.941253125000000000e+05
4.358464062500000000e+05
1.734772187500000000e+05
8.025173437500000000e+04
7.993485156250000000e+04
7.968071093750000000e+04
7.974938281250000000e+04
7.958514062500000000e+04
7.921080468750000000e+04
7.905231250000000000e+04
7.890285156250000000e+04
7.880932812500000000e+04
7.846839062500000000e+04
7.868050781250000000e+04
8.057678906250000000e+04
8.167811718750000000e+04
8.042893750000000000e+04
7.973339843750000000e+04
7.980575000000000000e+04
8.052816406250000000e+04
8.055776562500000000e+04
8.022043750000000000e+04
7.994637500000000000e+04
7.982867968750000000e+04
7.956932031250000000e+04
7.944338281250000000e+04
7.950189062500000000e+04
7.934859375000000000e+04
7.946063281250000000e+04
1.245223593750000000e+05
2.019465468750000000e+05
2.355913125000000000e+05
1.818155312500000000e+05
1.041492109375000000e+05
6.656941406250000000e+04
5.823330468750000000e+04
5.777033984375000000e+04
5.793889843750000000e+04
5.911913281250000000e+04
6.040892578125000000e+04
6.350523828125000000e+04
6.646009375000000000e+04
6.614171093750000000e+04
6.419175000000000000e+04
6.368090625000000000e+04
6.384333984375000000e+04
6.859217187500000000e+04
1.040494843750000000e+05
2.167483593750000000e+05
3.712642812500000000e+05
4.143215312500000000e+05
2.907149687500000000e+05
1.389519062500000000e+05
7.170825781250000000e+04
5.947248828125000000e+04
5.979313281250000000e+04
6.361503125000000000e+04
7.003122656250000000e+04
7.360046875000000000e+04
7.007102343750000000e+04
6.304679296875000000e+04
5.821777734375000000e+04
5.647158593750000000e+04
5.679533203125000000e+04
5.801744140625000000e+04
5.969714062500000000e+04
6.031223437500000000e+04
6.010696484375000000e+04
5.805304687500000000e+04
5.522022656250000000e+04
5.390749218750000000e+04
5.294566796875000000e+04
5.426045312500000000e+04
5.546060156250000000e+04
5.579941796875000000e+04
5.483412109375000000e+04
5.346966406250000000e+04
5.195992187500000000e+04
5.104801953125000000e+04
5.166664453125000000e+04
5.271363281250000000e+04
5.530303125000000000e+04
5.609200390625000000e+04
5.548907031250000000e+04
5.519874218750000000e+04
5.675983203125000000e+04
5.962276562500000000e+04
6.689925781250000000e+04
9.385484375000000000e+04
1.383476406250000000e+05
1.564215468750000000e+05
1.241580156250000000e+05
7.895675781250000000e+04
5.816973046875000000e+04
5.329419140625000000e+04
5.121379296875000000e+04
5.006939453125000000e+04
4.906432031250000000e+04
4.849693359375000000e+04
4.885186328125000000e+04
4.929744140625000000e+04
5.046200390625000000e+04
5.074006250000000000e+04
5.190777343750000000e+04
7.117299218750000000e+04
1.347287500000000000e+05
2.237887968750000000e+05
2.566670625000000000e+05
1.898589687500000000e+05
9.980875000000000000e+04
5.743732421875000000e+04
4.987441406250000000e+04
5.009439062500000000e+04
4.958136718750000000e+04
4.870627734375000000e+04
4.706755468750000000e+04
4.509948437500000000e+04
4.414810937500000000e+04
4.330290234375000000e+04
4.232185546875000000e+04
4.144153906250000000e+04
4.071867968750000000e+04
4.160971093750000000e+04
4.331801562500000000e+04
4.624685937500000000e+04
4.878425000000000000e+04
4.876252734375000000e+04
4.516887109375000000e+04
4.247271484375000000e+04
4.121006640625000000e+04
4.078844921875000000e+04
4.241476953125000000e+04
4.394758203125000000e+04
4.306798046875000000e+04
4.153454687500000000e+04
4.035355859375000000e+04
3.855726171875000000e+04
3.669506640625000000e+04
3.559580078125000000e+04
3.511778515625000000e+04
3.460661718750000000e+04
3.434105859375000000e+04
3.449155859375000000e+04
3.513514062500000000e+04
3.494900390625000000e+04
3.306412890625000000e+04
3.142423828125000000e+04
3.046382617187500000e+04
2.994812695312500000e+04
2.998921093750000000e+04
3.016460351562500000e+04
3.008517578125000000e+04
2.968861718750000000e+04
3.076205468750000000e+04
3.890244531250000000e+04
5.140710546875000000e+04
5.723286718750000000e+04
4.781489843750000000e+04
3.305418359375000000e+04
2.602256640625000000e+04
2.440970703125000000e+04
2.382448242187500000e+04
2.192152929687500000e+04
2.137226562500000000e+04
2.038584375000000000e+04
1.932922265625000000e+04
1.838421875000000000e+04
