6.271339843749914507e+03
6.271908526816979247e+03
6.272477209884043987e+03
6.273045892951107817e+03
6.273614576018172556e+03
6.274183259085237296e+03
6.274751942152302036e+03
6.275320625219366775e+03
6.275889308286431515e+03
6.276457991353496254e+03
6.277026674420560084e+03
6.277595357487624824e+03
6.278164040554689564e+03
6.278732723621754303e+03
6.279301406688819043e+03
6.279870089755883782e+03
6.280438772822948522e+03
6.281007455890012352e+03
6.281576138957077092e+03
6.282144822024141831e+03
6.282713505091206571e+03
6.283282188158271310e+03
6.283850871225336050e+03
6.284419554292400790e+03
6.284988237359464620e+03
6.285556920426529359e+03
6.286125603493594099e+03
6.286694286560658838e+03
6.287262969627723578e+03
6.287831652694787408e+03
6.288400335761852148e+03
6.288969018828916887e+03
6.289537701895981627e+03
6.290106384963046366e+03
6.290675068030111106e+03
6.291243751097175846e+03
6.291812434164239676e+03
6.292381117231304415e+03
6.292949800298369155e+03
6.293518483365433895e+03
6.294087166432498634e+03
6.294655849499563374e+03
6.295224532566628113e+03
6.295793215633691943e+03
6.296361898700756683e+03
6.296930581767821423e+03
6.297499264834886162e+03
6.298067947901950902e+03
6.298636630969015641e+03
6.299205314036080381e+03
6.299773997103144211e+03
6.300342680170208951e+03
6.300911363237273690e+03
6.301480046304338430e+03
6.302048729371403169e+03
6.302617412438466999e+03
6.303186095505531739e+03
6.303754778572596479e+03
6.304323461639661218e+03
6.304892144706725958e+03
6.305460827773790697e+03
6.306029510840855437e+03
6.306598193907919267e+03
6.307166876974984007e+03
6.307735560042048746e+03
6.308304243109113486e+03
6.308872926176178225e+03
6.309441609243242965e+03
6.310010292310307705e+03
6.310578975377371535e+03
6.311147658444436274e+03
6.311716341511501014e+03
6.312285024578565753e+03
6.312853707645630493e+03
6.313422390712695233e+03
6.313991073779759972e+03
6.314559756846823802e+03
6.315128439913888542e+03
6.315697122980953282e+03
6.316265806048018021e+03
6.316834489115082761e+03
6.317403172182146591e+03
6.317971855249211330e+03
6.318540538316276070e+03
6.319109221383340810e+03
6.319677904450405549e+03
6.320246587517470289e+03
6.320815270584535028e+03
6.321383953651598858e+03
6.321952636718663598e+03
6.322521319785728338e+03
6.323090002852793077e+03
6.323658685919857817e+03
6.324227368986922556e+03
6.324796052053987296e+03
6.325364735121051126e+03
6.325933418188115866e+03
6.326502101255180605e+03
6.327070784322245345e+03
6.327639467389310084e+03
6.328208150456374824e+03
6.328776833523439564e+03
6.329345516590503394e+03
6.329914199657568133e+03
6.330482882724632873e+03
6.331051565791697612e+03
6.331620248858762352e+03
6.332188931925826182e+03
6.332757614992890922e+03
6.333326298059955661e+03
6.333894981127020401e+03
6.334463664194085140e+03
6.335032347261149880e+03
6.335601030328214620e+03
6.336169713395278450e+03
6.336738396462343189e+03
6.337307079529407929e+03
6.337875762596472669e+03
6.338444445663537408e+03
6.339013128730602148e+03
6.339581811797666887e+03
6.340150494864730717e+03
6.340719177931795457e+03
6.341287860998860197e+03
6.341856544065924936e+03
6.342425227132989676e+03
6.342993910200054415e+03
6.343562593267119155e+03
6.344131276334182985e+03
6.344699959401247725e+03
6.345268642468312464e+03
6.345837325535377204e+03
6.346406008602441943e+03
6.346974691669506683e+03
6.347543374736570513e+03
6.348112057803635253e+03
6.348680740870699992e+03
6.349249423937764732e+03
6.349818107004829471e+03
6.350386790071894211e+03
6.350955473138958041e+03
6.351524156206022781e+03
6.352092839273087520e+03
6.352661522340152260e+03
6.353230205407216999e+03
6.353798888474281739e+03
6.354367571541346479e+03
6.354936254608410309e+03
6.355504937675475048e+03
6.356073620742539788e+03
6.356642303809604527e+03
6.357210986876669267e+03
6.357779669943734007e+03
6.358348353010798746e+03
6.358917036077862576e+03
6.359485719144927316e+03
6.360054402211992056e+03
6.360623085279056795e+03
6.361191768346121535e+03
6.361760451413186274e+03
6.362329134480250104e+03
6.362897817547314844e+03
6.363466500614379584e+03
6.364035183681444323e+03
6.364603866748509063e+03
6.365172549815573802e+03
6.365741232882637632e+03
6.366309915949702372e+03
6.366878599016767112e+03
6.367447282083831851e+03
6.368015965150896591e+03
6.368584648217961330e+03
6.369153331285026070e+03
6.369722014352089900e+03
6.370290697419154640e+03
6.370859380486219379e+03
6.371428063553284119e+03
6.371996746620348858e+03
6.372565429687413598e+03
6.373134112754478338e+03
6.373702795821542168e+03
6.374271478888606907e+03
6.374840161955671647e+03
6.375408845022736386e+03
6.375977528089801126e+03
6.376546211156865866e+03
6.377114894223929696e+03
6.377683577290994435e+03
6.378252260358059175e+03
6.378820943425123914e+03
6.379389626492188654e+03
6.379958309559253394e+03
6.380526992626317224e+03
6.381095675693381963e+03
6.381664358760446703e+03
6.382233041827511443e+03
6.382801724894576182e+03
6.383370407961640922e+03
6.383939091028705661e+03
6.384507774095769491e+03
6.385076457162834231e+03
6.385645140229898971e+03
6.386213823296963710e+03
6.386782506364028450e+03
6.387351189431093189e+03
6.387919872498157929e+03
6.388488555565221759e+03
6.389057238632286499e+03
6.389625921699351238e+03
6.390194604766415978e+03
6.390763287833480717e+03
6.391331970900545457e+03
6.391900653967609287e+03
6.392469337034674027e+03
6.393038020101738766e+03
6.393606703168803506e+03
6.394175386235868245e+03
6.394744069302932985e+03
6.395312752369996815e+03
6.395881435437061555e+03
6.396450118504126294e+03
6.397018801571191034e+03
6.397587484638255773e+03
6.398156167705320513e+03
6.398724850772385253e+03
6.399293533839449083e+03
6.399862216906513822e+03
6.400430899973578562e+03
6.400999583040643302e+03
6.401568266107708041e+03
6.402136949174772781e+03
6.402705632241837520e+03
6.403274315308901350e+03
6.403842998375966090e+03
6.404411681443030830e+03
6.404980364510095569e+03
6.405549047577160309e+03
6.406117730644225048e+03
6.406686413711288878e+03
6.407255096778353618e+03
6.407823779845418358e+03
6.408392462912483097e+03
6.408961145979547837e+03
6.409529829046612576e+03
6.410098512113677316e+03
6.410667195180741146e+03
6.411235878247805886e+03
6.411804561314870625e+03
6.412373244381935365e+03
6.412941927449000104e+03
6.413510610516064844e+03
6.414079293583128674e+03
6.414647976650193414e+03
6.415216659717258153e+03
6.415785342784322893e+03
6.416354025851387632e+03
6.416922708918452372e+03
6.417491391985517112e+03
6.418060075052580942e+03
6.418628758119645681e+03
6.419197441186710421e+03
6.419766124253775160e+03
6.420334807320839900e+03
6.420903490387904640e+03
6.421472173454968470e+03
6.422040856522033209e+03
6.422609539589097949e+03
6.423178222656162689e+03
6.423746905723227428e+03
6.424315588790292168e+03
6.424884271857356907e+03
6.425452954924420737e+03
6.426021637991485477e+03
6.426590321058550217e+03
6.427159004125614956e+03
6.427727687192679696e+03
6.428296370259744435e+03
6.428865053326808265e+03
6.429433736393873005e+03
6.430002419460937745e+03
6.430571102528002484e+03
6.431139785595067224e+03
6.431708468662131963e+03
6.432277151729196703e+03
6.432845834796260533e+03
6.433414517863325273e+03
6.433983200930390012e+03
6.434551883997454752e+03
6.435120567064519491e+03
6.435689250131584231e+03
6.436257933198648971e+03
6.436826616265712801e+03
6.437395299332777540e+03
6.437963982399842280e+03
6.438532665466907019e+03
6.439101348533971759e+03
6.439670031601036499e+03
6.440238714668100329e+03
6.440807397735165068e+03
6.441376080802229808e+03
6.441944763869294547e+03
6.442513446936359287e+03
6.443082130003424027e+03
6.443650813070487857e+03
6.444219496137552596e+03
6.444788179204617336e+03
6.445356862271682076e+03
6.445925545338746815e+03
6.446494228405811555e+03
6.447062911472876294e+03
6.447631594539940124e+03
6.448200277607004864e+03
6.448768960674069604e+03
6.449337643741134343e+03
6.449906326808199083e+03
6.450475009875263822e+03
6.451043692942328562e+03
6.451612376009392392e+03
6.452181059076457132e+03
6.452749742143521871e+03
6.453318425210586611e+03
6.453887108277651350e+03
6.454455791344716090e+03
6.455024474411779920e+03
6.455593157478844660e+03
6.456161840545909399e+03
6.456730523612974139e+03
6.457299206680038878e+03
6.457867889747103618e+03
6.458436572814167448e+03
6.459005255881232188e+03
6.459573938948296927e+03
6.460142622015361667e+03
6.460711305082426406e+03
6.461279988149491146e+03
6.461848671216555886e+03
6.462417354283619716e+03
6.462986037350684455e+03
6.463554720417749195e+03
6.464123403484813934e+03
6.464692086551878674e+03
6.465260769618943414e+03
6.465829452686008153e+03
6.466398135753071983e+03
6.466966818820136723e+03
6.467535501887201463e+03
6.468104184954266202e+03
6.468672868021330942e+03
6.469241551088395681e+03
6.469810234155459511e+03
6.470378917222524251e+03
6.470947600289588991e+03
6.471516283356653730e+03
6.472084966423718470e+03
6.472653649490783209e+03
6.473222332557847039e+03
6.473791015624911779e+03
6.474359698691976519e+03
6.474928381759041258e+03
6.475497064826105998e+03
6.476065747893170737e+03
6.476634430960235477e+03
6.477203114027299307e+03
6.477771797094364047e+03
6.478340480161428786e+03
6.478909163228493526e+03
6.479477846295558265e+03
6.480046529362623005e+03
6.480615212429687745e+03
6.481183895496751575e+03
6.481752578563816314e+03
6.482321261630881054e+03
6.482889944697945793e+03
6.483458627765010533e+03
6.484027310832075273e+03
6.484595993899139103e+03
6.485164676966203842e+03
6.485733360033268582e+03
6.486302043100333321e+03
6.486870726167398061e+03
6.487439409234462801e+03
6.488008092301526631e+03
6.488576775368591370e+03
6.489145458435656110e+03
6.489714141502720850e+03
6.490282824569785589e+03
6.490851507636850329e+03
6.491420190703915068e+03
6.491988873770978898e+03
6.492557556838043638e+03
6.493126239905108378e+03
6.493694922972173117e+03
6.494263606039237857e+03
6.494832289106302596e+03
6.495400972173367336e+03
6.495969655240431166e+03
6.496538338307495906e+03
6.497107021374560645e+03
6.497675704441625385e+03
6.498244387508690124e+03
6.498813070575754864e+03
6.499381753642818694e+03
6.499950436709883434e+03
6.500519119776948173e+03
6.501087802844012913e+03
6.501656485911077652e+03
6.502225168978142392e+03
6.502793852045206222e+03
6.503362535112270962e+03
6.503931218179335701e+03
6.504499901246400441e+03
6.505068584313465180e+03
6.505637267380529920e+03
6.506205950447594660e+03
6.506774633514658490e+03
6.507343316581723229e+03
6.507911999648787969e+03
6.508480682715852708e+03
6.509049365782917448e+03
6.509618048849982188e+03
6.510186731917046927e+03
6.510755414984110757e+03
6.511324098051175497e+03
6.511892781118240237e+03
6.512461464185304976e+03
6.513030147252369716e+03
6.513598830319434455e+03
6.514167513386498285e+03
6.514736196453563025e+03
6.515304879520627765e+03
6.515873562587692504e+03
6.516442245654757244e+03
6.517010928721821983e+03
6.517579611788885813e+03
6.518148294855950553e+03
6.518716977923015293e+03
6.519285660990080032e+03
6.519854344057144772e+03
6.520423027124209511e+03
6.520991710191274251e+03
6.521560393258338081e+03
6.522129076325402821e+03
6.522697759392467560e+03
6.523266442459532300e+03
6.523835125526597039e+03
6.524403808593661779e+03
6.524972491660726519e+03
6.525541174727790349e+03
6.526109857794855088e+03
6.526678540861919828e+03
6.527247223928984567e+03
6.527815906996049307e+03
6.528384590063114047e+03
6.528953273130177877e+03
6.529521956197242616e+03
6.530090639264307356e+03
6.530659322331372096e+03
6.531228005398436835e+03
6.531796688465501575e+03
6.532365371532566314e+03
6.532934054599630144e+03
6.533502737666694884e+03
6.534071420733759624e+03
6.534640103800824363e+03
6.535208786867889103e+03
6.535777469934953842e+03
6.536346153002017672e+03
6.536914836069082412e+03
6.537483519136147152e+03
6.538052202203211891e+03
6.538620885270276631e+03
6.539189568337341370e+03
6.539758251404406110e+03
6.540326934471469940e+03
6.540895617538534680e+03
6.541464300605599419e+03
6.542032983672664159e+03
6.542601666739728898e+03
6.543170349806793638e+03
6.543739032873858378e+03
6.544307715940922208e+03
6.544876399007986947e+03
6.545445082075051687e+03
6.546013765142116426e+03
6.546582448209181166e+03
6.547151131276245906e+03
6.547719814343309736e+03
6.548288497410374475e+03
6.548857180477439215e+03
6.549425863544503954e+03
6.549994546611568694e+03
6.550563229678633434e+03
6.551131912745697264e+03
6.551700595812762003e+03
6.552269278879826743e+03
6.552837961946891483e+03
6.553406645013956222e+03
6.553975328081020962e+03
6.554544011148085701e+03
6.555112694215149531e+03
6.555681377282214271e+03
6.556250060349279011e+03
6.556818743416343750e+03
6.557387426483408490e+03
6.557956109550473229e+03
6.558524792617537969e+03
6.559093475684601799e+03
6.559662158751666539e+03
6.560230841818731278e+03
6.560799524885796018e+03
6.561368207952860757e+03
6.561936891019925497e+03
6.562505574086989327e+03
6.563074257154054067e+03
6.563642940221118806e+03
6.564211623288183546e+03
6.564780306355248285e+03
6.565348989422313025e+03
6.565917672489376855e+03
6.566486355556441595e+03
6.567055038623506334e+03
6.567623721690571074e+03
6.568192404757635813e+03
6.568761087824700553e+03
6.569329770891765293e+03
6.569898453958829123e+03
6.570467137025893862e+03
6.571035820092958602e+03
6.571604503160023341e+03
6.572173186227088081e+03
6.572741869294152821e+03
6.573310552361217560e+03
6.573879235428281390e+03
6.574447918495346130e+03
6.575016601562410870e+03
6.575585284629475609e+03
6.576153967696540349e+03
6.576722650763605088e+03
6.577291333830668918e+03
6.577860016897733658e+03
6.578428699964798398e+03
6.578997383031863137e+03
6.579566066098927877e+03
6.580134749165992616e+03
6.580703432233056446e+03
6.581272115300121186e+03
6.581840798367185926e+03
6.582409481434250665e+03
6.582978164501315405e+03
6.583546847568380144e+03
6.584115530635444884e+03
6.584684213702508714e+03
6.585252896769573454e+03
6.585821579836638193e+03
6.586390262903702933e+03
6.586958945970767672e+03
6.587527629037832412e+03
6.588096312104897152e+03
6.588664995171960982e+03
6.589233678239025721e+03
6.589802361306090461e+03
6.590371044373155200e+03
6.590939727440219940e+03
6.591508410507284680e+03
6.592077093574348510e+03
6.592645776641413249e+03
6.593214459708477989e+03
6.593783142775542728e+03
6.594351825842607468e+03
6.594920508909672208e+03
6.595489191976736038e+03
6.596057875043800777e+03
6.596626558110865517e+03
6.597195241177930257e+03
6.597763924244994996e+03
6.598332607312059736e+03
6.598901290379124475e+03
6.599469973446188305e+03
6.600038656513253045e+03
6.600607339580317785e+03
6.601176022647382524e+03
6.601744705714447264e+03
6.602313388781512003e+03
6.602882071848576743e+03
6.603450754915640573e+03
6.604019437982705313e+03
6.604588121049770052e+03
6.605156804116834792e+03
6.605725487183899531e+03
6.606294170250964271e+03
6.606862853318028101e+03
6.607431536385092841e+03
6.608000219452157580e+03
6.608568902519222320e+03
6.609137585586287059e+03
6.609706268653351799e+03
6.610274951720416539e+03
6.610843634787480369e+03
6.611412317854545108e+03
6.611981000921609848e+03
6.612549683988674587e+03
6.613118367055739327e+03
6.613687050122804067e+03
6.614255733189867897e+03
6.614824416256932636e+03
6.615393099323997376e+03
6.615961782391062115e+03
6.616530465458126855e+03
6.617099148525191595e+03
6.617667831592256334e+03
6.618236514659320164e+03
6.618805197726384904e+03
6.619373880793449644e+03
6.619942563860514383e+03
6.620511246927579123e+03
6.621079929994643862e+03
6.621648613061707692e+03
6.622217296128772432e+03
6.622785979195837172e+03
6.623354662262901911e+03
6.623923345329966651e+03
6.624492028397031390e+03
6.625060711464096130e+03
6.625629394531159960e+03
6.626198077598224700e+03
6.626766760665289439e+03
6.627335443732354179e+03
6.627904126799418918e+03
6.628472809866483658e+03
6.629041492933547488e+03
6.629610176000612228e+03
6.630178859067676967e+03
6.630747542134741707e+03
6.631316225201806446e+03
6.631884908268871186e+03
6.632453591335935926e+03
6.633022274402999756e+03
6.633590957470064495e+03
6.634159640537129235e+03
6.634728323604193974e+03
6.635297006671258714e+03
6.635865689738323454e+03
6.636434372805387284e+03
6.637003055872452023e+03
6.637571738939516763e+03
6.638140422006581503e+03
6.638709105073646242e+03
6.639277788140710982e+03
6.639846471207775721e+03
6.640415154274839551e+03
6.640983837341904291e+03
6.641552520408969031e+03
6.642121203476033770e+03
6.642689886543098510e+03
6.643258569610163249e+03
6.643827252677227079e+03
6.644395935744291819e+03
6.644964618811356559e+03
6.645533301878421298e+03
6.646101984945486038e+03
6.646670668012550777e+03
6.647239351079615517e+03
6.647808034146679347e+03
6.648376717213744087e+03
6.648945400280808826e+03
6.649514083347873566e+03
6.650082766414938305e+03
6.650651449482003045e+03
6.651220132549066875e+03
6.651788815616131615e+03
6.652357498683196354e+03
6.652926181750261094e+03
6.653494864817325833e+03
6.654063547884390573e+03
6.654632230951455313e+03
6.655200914018519143e+03
6.655769597085583882e+03
6.656338280152648622e+03
6.656906963219713361e+03
6.657475646286778101e+03
6.658044329353842841e+03
6.658613012420906671e+03
6.659181695487971410e+03
6.659750378555036150e+03
6.660319061622100890e+03
6.660887744689165629e+03
6.661456427756230369e+03
6.662025110823295108e+03
6.662593793890358938e+03
6.663162476957423678e+03
6.663731160024488418e+03
6.664299843091553157e+03
6.664868526158617897e+03
6.665437209225682636e+03
6.666005892292746466e+03
6.666574575359811206e+03
6.667143258426875946e+03
6.667711941493940685e+03
6.668280624561005425e+03
6.668849307628070164e+03
6.669417990695134904e+03
6.669986673762198734e+03
6.670555356829263474e+03
6.671124039896328213e+03
6.671692722963392953e+03
6.672261406030457692e+03
6.672830089097522432e+03
6.673398772164586262e+03
6.673967455231651002e+03
6.674536138298715741e+03
6.675104821365780481e+03
6.675673504432845220e+03
6.676242187499909960e+03
6.676810870566974700e+03
6.677379553634038530e+03
6.677948236701103269e+03
6.678516919768168009e+03
6.679085602835232748e+03
6.679654285902297488e+03
6.680222968969362228e+03
6.680791652036426967e+03
6.681360335103490797e+03
6.681929018170555537e+03
6.682497701237620277e+03
6.683066384304685016e+03
6.683635067371749756e+03
6.684203750438814495e+03
6.684772433505878325e+03
6.685341116572943065e+03
6.685909799640007805e+03
6.686478482707072544e+03
6.687047165774137284e+03
6.687615848841202023e+03
6.688184531908265853e+03
6.688753214975330593e+03
6.689321898042395333e+03
6.689890581109460072e+03
6.690459264176524812e+03
6.691027947243589551e+03
6.691596630310654291e+03
6.692165313377718121e+03
6.692733996444782861e+03
6.693302679511847600e+03
6.693871362578912340e+03
6.694440045645977079e+03
6.695008728713041819e+03
6.695577411780106559e+03
6.696146094847170389e+03
6.696714777914235128e+03
6.697283460981299868e+03
6.697852144048364607e+03
6.698420827115429347e+03
6.698989510182494087e+03
6.699558193249557917e+03
6.700126876316622656e+03
6.700695559383687396e+03
6.701264242450752135e+03
6.701832925517816875e+03
6.702401608584881615e+03
6.702970291651945445e+03
6.703538974719010184e+03
6.704107657786074924e+03
6.704676340853139664e+03
6.705245023920204403e+03
6.705813706987269143e+03
6.706382390054333882e+03
6.706951073121397712e+03
6.707519756188462452e+03
6.708088439255527192e+03
6.708657122322591931e+03
6.709225805389656671e+03
6.709794488456721410e+03
6.710363171523786150e+03
6.710931854590849980e+03
6.711500537657914720e+03
6.712069220724979459e+03
6.712637903792044199e+03
6.713206586859108938e+03
6.713775269926173678e+03
6.714343952993237508e+03
6.714912636060302248e+03
6.715481319127366987e+03
6.716050002194431727e+03
6.716618685261496466e+03
6.717187368328561206e+03
6.717756051395625946e+03
6.718324734462689776e+03
6.718893417529754515e+03
6.719462100596819255e+03
6.720030783663883994e+03
6.720599466730948734e+03
6.721168149798013474e+03
6.721736832865077304e+03
6.722305515932142043e+03
6.722874198999206783e+03
6.723442882066271522e+03
6.724011565133336262e+03
6.724580248200401002e+03
6.725148931267465741e+03
6.725717614334529571e+03
6.726286297401594311e+03
6.726854980468659051e+03
6.727423663535723790e+03
6.727992346602788530e+03
6.728561029669853269e+03
6.729129712736917099e+03
6.729698395803981839e+03
6.730267078871046579e+03
6.730835761938111318e+03
6.731404445005176058e+03
6.731973128072240797e+03
6.732541811139305537e+03
6.733110494206369367e+03
6.733679177273434107e+03
6.734247860340498846e+03
6.734816543407563586e+03
6.735385226474628325e+03
6.735953909541693065e+03
6.736522592608756895e+03
6.737091275675821635e+03
6.737659958742886374e+03
6.738228641809951114e+03
6.738797324877015853e+03
6.739366007944080593e+03
6.739934691011145333e+03
6.740503374078209163e+03
6.741072057145273902e+03
6.741640740212338642e+03
6.742209423279403381e+03
6.742778106346468121e+03
6.743346789413532861e+03
6.743915472480596691e+03
6.744484155547661430e+03
6.745052838614726170e+03
6.745621521681790909e+03
6.746190204748855649e+03
6.746758887815920389e+03
6.747327570882985128e+03
6.747896253950048958e+03
6.748464937017113698e+03
6.749033620084178438e+03
6.749602303151243177e+03
6.750170986218307917e+03
6.750739669285372656e+03
6.751308352352436486e+03
6.751877035419501226e+03
6.752445718486565966e+03
6.753014401553630705e+03
6.753583084620695445e+03
6.754151767687760184e+03
6.754720450754824924e+03
6.755289133821888754e+03
6.755857816888953494e+03
6.756426499956018233e+03
6.756995183023082973e+03
6.757563866090147712e+03
6.758132549157212452e+03
6.758701232224276282e+03
6.759269915291341022e+03
6.759838598358405761e+03
6.760407281425470501e+03
6.760975964492535240e+03
6.761544647559599980e+03
6.762113330626664720e+03
6.762682013693728550e+03
6.763250696760793289e+03
6.763819379827858029e+03
6.764388062894922768e+03
6.764956745961987508e+03
6.765525429029052248e+03
6.766094112096116078e+03
6.766662795163180817e+03
6.767231478230245557e+03
6.767800161297310297e+03
6.768368844364375036e+03
6.768937527431439776e+03
6.769506210498504515e+03
6.770074893565568345e+03
6.770643576632633085e+03
6.771212259699697825e+03
6.771780942766762564e+03
6.772349625833827304e+03
6.772918308900892043e+03
6.773486991967955873e+03
6.774055675035020613e+03
6.774624358102085353e+03
6.775193041169150092e+03
6.775761724236214832e+03
6.776330407303279571e+03
6.776899090370344311e+03
6.777467773437408141e+03
6.778036456504472881e+03
6.778605139571537620e+03
6.779173822638602360e+03
6.779742505705667099e+03
6.780311188772731839e+03
6.780879871839795669e+03
6.781448554906860409e+03
6.782017237973925148e+03
6.782585921040989888e+03
6.783154604108054627e+03
6.783723287175119367e+03
6.784291970242184107e+03
6.784860653309247937e+03
6.785429336376312676e+03
6.785998019443377416e+03
6.786566702510442155e+03
6.787135385577506895e+03
6.787704068644571635e+03
6.788272751711636374e+03
6.788841434778700204e+03
6.789410117845764944e+03
6.789978800912829684e+03
6.790547483979894423e+03
6.791116167046959163e+03
6.791684850114023902e+03
6.792253533181087732e+03
6.792822216248152472e+03
6.793390899315217212e+03
6.793959582382281951e+03
6.794528265449346691e+03
6.795096948516411430e+03
6.795665631583475260e+03
6.796234314650540000e+03
6.796802997717604740e+03
6.797371680784669479e+03
6.797940363851734219e+03
6.798509046918798958e+03
6.799077729985863698e+03
6.799646413052927528e+03
6.800215096119992268e+03
6.800783779187057007e+03
6.801352462254121747e+03
6.801921145321186486e+03
6.802489828388251226e+03
6.803058511455315966e+03
6.803627194522379796e+03
6.804195877589444535e+03
6.804764560656509275e+03
6.805333243723574014e+03
6.805901926790638754e+03
6.806470609857703494e+03
6.807039292924767324e+03
6.807607975991832063e+03
6.808176659058896803e+03
6.808745342125961542e+03
6.809314025193026282e+03
6.809882708260091022e+03
6.810451391327155761e+03
6.811020074394219591e+03
6.811588757461284331e+03
6.812157440528349071e+03
6.812726123595413810e+03
6.813294806662478550e+03
6.813863489729543289e+03
6.814432172796607119e+03
6.815000855863671859e+03
6.815569538930736599e+03
6.816138221997801338e+03
6.816706905064866078e+03
6.817275588131930817e+03
6.817844271198995557e+03
6.818412954266059387e+03
6.818981637333124127e+03
6.819550320400188866e+03
6.820119003467253606e+03
6.820687686534318345e+03
6.821256369601383085e+03
6.821825052668446915e+03
6.822393735735511655e+03
6.822962418802576394e+03
6.823531101869641134e+03
6.824099784936705873e+03
6.824668468003770613e+03
6.825237151070835353e+03
6.825805834137899183e+03
6.826374517204963922e+03
6.826943200272028662e+03
6.827511883339093401e+03
6.828080566406158141e+03
6.828649249473222881e+03
6.829217932540286711e+03
6.829786615607351450e+03
6.830355298674416190e+03
6.830923981741480929e+03
6.831492664808545669e+03
6.832061347875610409e+03
6.832630030942675148e+03
6.833198714009738978e+03
6.833767397076803718e+03
6.834336080143868458e+03
6.834904763210933197e+03
6.835473446277997937e+03
6.836042129345062676e+03
6.836610812412126506e+03
6.837179495479191246e+03
6.837748178546255986e+03
6.838316861613320725e+03
6.838885544680385465e+03
6.839454227747450204e+03
6.840022910814514944e+03
6.840591593881578774e+03
6.841160276948643514e+03
6.841728960015708253e+03
6.842297643082772993e+03
6.842866326149837732e+03
6.843435009216902472e+03
6.844003692283966302e+03
6.844572375351031042e+03
6.845141058418095781e+03
6.845709741485160521e+03
6.846278424552225260e+03
6.846847107619290000e+03
6.847415790686354740e+03
6.847984473753418570e+03
6.848553156820483309e+03
6.849121839887548049e+03
6.849690522954612788e+03
6.850259206021677528e+03
6.850827889088742268e+03
6.851396572155806098e+03
6.851965255222870837e+03
6.852533938289935577e+03
6.853102621357000316e+03
6.853671304424065056e+03
6.854239987491129796e+03
6.854808670558194535e+03
6.855377353625258365e+03
6.855946036692323105e+03
6.856514719759387845e+03
6.857083402826452584e+03
6.857652085893517324e+03
6.858220768960582063e+03
6.858789452027645893e+03
6.859358135094710633e+03
6.859926818161775373e+03
6.860495501228840112e+03
6.861064184295904852e+03
6.861632867362969591e+03
6.862201550430034331e+03
6.862770233497098161e+03
6.863338916564162901e+03
6.863907599631227640e+03
6.864476282698292380e+03
6.865044965765357119e+03
6.865613648832421859e+03
6.866182331899485689e+03
6.866751014966550429e+03
6.867319698033615168e+03
6.867888381100679908e+03
6.868457064167744647e+03
6.869025747234809387e+03
6.869594430301874127e+03
6.870163113368937957e+03
6.870731796436002696e+03
6.871300479503067436e+03
6.871869162570132175e+03
6.872437845637196915e+03
6.873006528704261655e+03
6.873575211771325485e+03
6.874143894838390224e+03
6.874712577905454964e+03
6.875281260972519704e+03
6.875849944039584443e+03
6.876418627106649183e+03
6.876987310173713922e+03
6.877555993240777752e+03
6.878124676307842492e+03
6.878693359374907232e+03
6.879262042441971971e+03
6.879830725509036711e+03
6.880399408576101450e+03
6.880968091643165280e+03
6.881536774710230020e+03
6.882105457777294760e+03
6.882674140844359499e+03
6.883242823911424239e+03
6.883811506978488978e+03
6.884380190045553718e+03
6.884948873112617548e+03
6.885517556179682288e+03
6.886086239246747027e+03
6.886654922313811767e+03
6.887223605380876506e+03
6.887792288447941246e+03
6.888360971515005076e+03
6.888929654582069816e+03
6.889498337649134555e+03
6.890067020716199295e+03
6.890635703783264034e+03
6.891204386850328774e+03
6.891773069917393514e+03
6.892341752984457344e+03
6.892910436051522083e+03
6.893479119118586823e+03
6.894047802185651562e+03
6.894616485252716302e+03
6.895185168319781042e+03
6.895753851386844872e+03
6.896322534453909611e+03
6.896891217520974351e+03
6.897459900588039091e+03
6.898028583655103830e+03
6.898597266722168570e+03
6.899165949789233309e+03
6.899734632856297139e+03
6.900303315923361879e+03
6.900871998990426619e+03
6.901440682057491358e+03
6.902009365124556098e+03
6.902578048191620837e+03
6.903146731258684667e+03
6.903715414325749407e+03
6.904284097392814147e+03
6.904852780459878886e+03
6.905421463526943626e+03
6.905990146594008365e+03
6.906558829661073105e+03
6.907127512728136935e+03
6.907696195795201675e+03
6.908264878862266414e+03
6.908833561929331154e+03
6.909402244996395893e+03
6.909970928063460633e+03
6.910539611130525373e+03
6.911108294197589203e+03
6.911676977264653942e+03
6.912245660331718682e+03
6.912814343398783421e+03
6.913383026465848161e+03
6.913951709532912901e+03
6.914520392599976731e+03
6.915089075667041470e+03
6.915657758734106210e+03
6.916226441801170949e+03
6.916795124868235689e+03
6.917363807935300429e+03
6.917932491002364259e+03
6.918501174069428998e+03
6.919069857136493738e+03
6.919638540203558478e+03
6.920207223270623217e+03
6.920775906337687957e+03
6.921344589404752696e+03
6.921913272471816526e+03
6.922481955538881266e+03
6.923050638605946006e+03
6.923619321673010745e+03
6.924188004740075485e+03
6.924756687807140224e+03
6.925325370874204964e+03
6.925894053941268794e+03
6.926462737008333534e+03
6.927031420075398273e+03
6.927600103142463013e+03
6.928168786209527752e+03
6.928737469276592492e+03
6.929306152343656322e+03
6.929874835410721062e+03
6.930443518477785801e+03
6.931012201544850541e+03
6.931580884611915280e+03
6.932149567678980020e+03
6.932718250746044760e+03
6.933286933813108590e+03
6.933855616880173329e+03
6.934424299947238069e+03
6.934992983014302808e+03
6.935561666081367548e+03
6.936130349148432288e+03
6.936699032215496118e+03
6.937267715282560857e+03
6.937836398349625597e+03
6.938405081416690336e+03
6.938973764483755076e+03
6.939542447550819816e+03
6.940111130617884555e+03
6.940679813684948385e+03
6.941248496752013125e+03
6.941817179819077865e+03
6.942385862886142604e+03
6.942954545953207344e+03
6.943523229020272083e+03
6.944091912087335913e+03
6.944660595154400653e+03
6.945229278221465393e+03
6.945797961288530132e+03
6.946366644355594872e+03
6.946935327422659611e+03
6.947504010489724351e+03
6.948072693556788181e+03
6.948641376623852921e+03
6.949210059690917660e+03
6.949778742757982400e+03
6.950347425825047139e+03
6.950916108892111879e+03
6.951484791959175709e+03
6.952053475026240449e+03
6.952622158093305188e+03
6.953190841160369928e+03
6.953759524227434667e+03
6.954328207294499407e+03
6.954896890361564147e+03
6.955465573428627977e+03
6.956034256495692716e+03
6.956602939562757456e+03
6.957171622629822195e+03
6.957740305696886935e+03
6.958308988763951675e+03
6.958877671831015505e+03
6.959446354898080244e+03
6.960015037965144984e+03
6.960583721032209723e+03
6.961152404099274463e+03
6.961721087166339203e+03
6.962289770233403942e+03
6.962858453300467772e+03
6.963427136367532512e+03
6.963995819434597252e+03
6.964564502501661991e+03
6.965133185568726731e+03
6.965701868635791470e+03
6.966270551702855300e+03
6.966839234769920040e+03
6.967407917836984780e+03
6.967976600904049519e+03
6.968545283971114259e+03
6.969113967038178998e+03
6.969682650105243738e+03
6.970251333172307568e+03
6.970820016239372308e+03
6.971388699306437047e+03
6.971957382373501787e+03
6.972526065440566526e+03
6.973094748507631266e+03
6.973663431574695096e+03
6.974232114641759836e+03
6.974800797708824575e+03
6.975369480775889315e+03
6.975938163842954054e+03
6.976506846910018794e+03
6.977075529977083534e+03
6.977644213044147364e+03
6.978212896111212103e+03
6.978781579178276843e+03
6.979350262245341582e+03
6.979918945312406322e+03
6.980487628379471062e+03
6.981056311446534892e+03
6.981624994513599631e+03
6.982193677580664371e+03
6.982762360647729110e+03
6.983331043714793850e+03
6.983899726781858590e+03
6.984468409848923329e+03
6.985037092915987159e+03
6.985605775983051899e+03
6.986174459050116639e+03
6.986743142117181378e+03
6.987311825184246118e+03
6.987880508251310857e+03
6.988449191318374687e+03
6.989017874385439427e+03
6.989586557452504167e+03
6.990155240519568906e+03
6.990723923586633646e+03
6.991292606653698385e+03
6.991861289720763125e+03
6.992429972787826955e+03
6.992998655854891695e+03
6.993567338921956434e+03
6.994136021989021174e+03
6.994704705056085913e+03
6.995273388123150653e+03
6.995842071190214483e+03
6.996410754257279223e+03
6.996979437324343962e+03
6.997548120391408702e+03
6.998116803458473441e+03
6.998685486525538181e+03
6.999254169592602921e+03
6.999822852659666751e+03
7.000391535726731490e+03
7.000960218793796230e+03
7.001528901860860969e+03
7.002097584927925709e+03
7.002666267994990449e+03
7.003234951062055188e+03
7.003803634129119018e+03
7.004372317196183758e+03
7.004941000263248498e+03
7.005509683330313237e+03
7.006078366397377977e+03
7.006647049464442716e+03
7.007215732531506546e+03
7.007784415598571286e+03
7.008353098665636026e+03
7.008921781732700765e+03
7.009490464799765505e+03
7.010059147866830244e+03
7.010627830933894074e+03
7.011196514000958814e+03
7.011765197068023554e+03
7.012333880135088293e+03
7.012902563202153033e+03
7.013471246269217772e+03
7.014039929336282512e+03
7.014608612403346342e+03
7.015177295470411082e+03
7.015745978537475821e+03
7.016314661604540561e+03
7.016883344671605300e+03
7.017452027738670040e+03
7.018020710805734780e+03
7.018589393872798610e+03
7.019158076939863349e+03
7.019726760006928089e+03
7.020295443073992828e+03
7.020864126141057568e+03
7.021432809208122308e+03
7.022001492275186138e+03
7.022570175342250877e+03
7.023138858409315617e+03
7.023707541476380356e+03
7.024276224543445096e+03
7.024844907610509836e+03
7.025413590677573666e+03
7.025982273744638405e+03
7.026550956811703145e+03
7.027119639878767885e+03
7.027688322945832624e+03
7.028257006012897364e+03
7.028825689079962103e+03
7.029394372147025933e+03
7.029963055214090673e+03
7.030531738281155413e+03
7.031100421348220152e+03
7.031669104415284892e+03
7.032237787482349631e+03
7.032806470549414371e+03
7.033375153616478201e+03
7.033943836683542941e+03
7.034512519750607680e+03
7.035081202817672420e+03
7.035649885884737159e+03
7.036218568951801899e+03
7.036787252018865729e+03
7.037355935085930469e+03
7.037924618152995208e+03
7.038493301220059948e+03
7.039061984287124687e+03
7.039630667354189427e+03
7.040199350421254167e+03
7.040768033488317997e+03
7.041336716555382736e+03
7.041905399622447476e+03
7.042474082689512215e+03
7.043042765756576955e+03
7.043611448823641695e+03
7.044180131890705525e+03
7.044748814957770264e+03
7.045317498024835004e+03
7.045886181091899743e+03
7.046454864158964483e+03
7.047023547226029223e+03
7.047592230293093962e+03
7.048160913360157792e+03
7.048729596427222532e+03
7.049298279494287272e+03
7.049866962561352011e+03
7.050435645628416751e+03
7.051004328695481490e+03
7.051573011762545320e+03
7.052141694829610060e+03
7.052710377896674800e+03
7.053279060963739539e+03
7.053847744030804279e+03
7.054416427097869018e+03
7.054985110164933758e+03
7.055553793231997588e+03
7.056122476299062328e+03
7.056691159366127067e+03
7.057259842433191807e+03
7.057828525500256546e+03
7.058397208567321286e+03
7.058965891634385116e+03
7.059534574701449856e+03
7.060103257768514595e+03
7.060671940835579335e+03
7.061240623902644074e+03
7.061809306969708814e+03
7.062377990036773554e+03
7.062946673103837384e+03
7.063515356170902123e+03
7.064084039237966863e+03
7.064652722305031602e+03
7.065221405372096342e+03
7.065790088439161082e+03
7.066358771506224912e+03
7.066927454573289651e+03
7.067496137640354391e+03
7.068064820707419130e+03
7.068633503774483870e+03
7.069202186841548610e+03
7.069770869908613349e+03
7.070339552975677179e+03
7.070908236042741919e+03
7.071476919109806659e+03
7.072045602176871398e+03
7.072614285243936138e+03
7.073182968311000877e+03
7.073751651378064707e+03
7.074320334445129447e+03
7.074889017512194187e+03
7.075457700579258926e+03
7.076026383646323666e+03
7.076595066713388405e+03
7.077163749780453145e+03
7.077732432847516975e+03
7.078301115914581715e+03
7.078869798981646454e+03
7.079438482048711194e+03
7.080007165115775933e+03
7.080575848182840673e+03
7.081144531249904503e+03
7.081713214316969243e+03
7.082281897384033982e+03
7.082850580451098722e+03
7.083419263518163461e+03
7.083987946585228201e+03
7.084556629652292941e+03
7.085125312719356771e+03
7.085693995786421510e+03
7.086262678853486250e+03
7.086831361920550989e+03
7.087400044987615729e+03
7.087968728054680469e+03
7.088537411121744299e+03
7.089106094188809038e+03
7.089674777255873778e+03
7.090243460322938517e+03
7.090812143390003257e+03
7.091380826457067997e+03
7.091949509524132736e+03
7.092518192591196566e+03
7.093086875658261306e+03
7.093655558725326046e+03
7.094224241792390785e+03
7.094792924859455525e+03
7.095361607926520264e+03
7.095930290993584094e+03
7.096498974060648834e+03
7.097067657127713574e+03
7.097636340194778313e+03
7.098205023261843053e+03
7.098773706328907792e+03
7.099342389395972532e+03
7.099911072463036362e+03
7.100479755530101102e+03
7.101048438597165841e+03
7.101617121664230581e+03
7.102185804731295320e+03
7.102754487798360060e+03
7.103323170865423890e+03
7.103891853932488630e+03
7.104460536999553369e+03
7.105029220066618109e+03
7.105597903133682848e+03
7.106166586200747588e+03
7.106735269267812328e+03
7.107303952334876158e+03
7.107872635401940897e+03
7.108441318469005637e+03
7.109010001536070376e+03
7.109578684603135116e+03
7.110147367670199856e+03
7.110716050737264595e+03
7.111284733804328425e+03
7.111853416871393165e+03
7.112422099938457904e+03
7.112990783005522644e+03
7.113559466072587384e+03
7.114128149139652123e+03
7.114696832206715953e+03
7.115265515273780693e+03
7.115834198340845433e+03
7.116402881407910172e+03
7.116971564474974912e+03
7.117540247542039651e+03
7.118108930609103481e+03
7.118677613676168221e+03
7.119246296743232961e+03
7.119814979810297700e+03
7.120383662877362440e+03
7.120952345944427179e+03
7.121521029011491919e+03
7.122089712078555749e+03
7.122658395145620489e+03
7.123227078212685228e+03
7.123795761279749968e+03
7.124364444346814707e+03
7.124933127413879447e+03
7.125501810480944187e+03
7.126070493548008017e+03
7.126639176615072756e+03
7.127207859682137496e+03
7.127776542749202235e+03
7.128345225816266975e+03
7.128913908883331715e+03
7.129482591950395545e+03
7.130051275017460284e+03
7.130619958084525024e+03
7.131188641151589763e+03
7.131757324218654503e+03
7.132326007285719243e+03
7.132894690352783073e+03
7.133463373419847812e+03
7.134032056486912552e+03
7.134600739553977292e+03
7.135169422621042031e+03
7.135738105688106771e+03
7.136306788755171510e+03
7.136875471822235340e+03
7.137444154889300080e+03
7.138012837956364820e+03
7.138581521023429559e+03
7.139150204090494299e+03
7.139718887157559038e+03
7.140287570224623778e+03
7.140856253291687608e+03
7.141424936358752348e+03
7.141993619425817087e+03
7.142562302492881827e+03
7.143130985559946566e+03
7.143699668627011306e+03
7.144268351694075136e+03
7.144837034761139876e+03
7.145405717828204615e+03
7.145974400895269355e+03
7.146543083962334094e+03
7.147111767029398834e+03
7.147680450096462664e+03
7.148249133163527404e+03
7.148817816230592143e+03
7.149386499297656883e+03
7.149955182364721622e+03
7.150523865431786362e+03
7.151092548498851102e+03
7.151661231565914932e+03
7.152229914632979671e+03
7.152798597700044411e+03
7.153367280767109150e+03
7.153935963834173890e+03
7.154504646901238630e+03
7.155073329968303369e+03
7.155642013035367199e+03
7.156210696102431939e+03
7.156779379169496679e+03
7.157348062236561418e+03
7.157916745303626158e+03
7.158485428370690897e+03
7.159054111437754727e+03
7.159622794504819467e+03
7.160191477571884207e+03
7.160760160638948946e+03
7.161328843706013686e+03
7.161897526773078425e+03
7.162466209840142255e+03
7.163034892907206995e+03
7.163603575974271735e+03
7.164172259041336474e+03
7.164740942108401214e+03
7.165309625175465953e+03
7.165878308242530693e+03
7.166446991309594523e+03
7.167015674376659263e+03
7.167584357443724002e+03
7.168153040510788742e+03
7.168721723577853481e+03
7.169290406644918221e+03
7.169859089711982961e+03
7.170427772779046791e+03
7.170996455846111530e+03
7.171565138913176270e+03
7.172133821980241009e+03
7.172702505047305749e+03
7.173271188114370489e+03
7.173839871181434319e+03
7.174408554248499058e+03
7.174977237315563798e+03
7.175545920382628537e+03
7.176114603449693277e+03
7.176683286516758017e+03
7.177251969583822756e+03
7.177820652650886586e+03
7.178389335717951326e+03
7.178958018785016066e+03
7.179526701852080805e+03
7.180095384919145545e+03
7.180664067986210284e+03
7.181232751053274114e+03
7.181801434120338854e+03
7.182370117187403594e+03
7.182938800254468333e+03
7.183507483321533073e+03
7.184076166388597812e+03
7.184644849455662552e+03
7.185213532522726382e+03
7.185782215589791122e+03
7.186350898656855861e+03
7.186919581723920601e+03
7.187488264790985340e+03
7.188056947858050080e+03
7.188625630925114820e+03
7.189194313992178650e+03
7.189762997059243389e+03
7.190331680126308129e+03
7.190900363193372868e+03
7.191469046260437608e+03
7.192037729327502348e+03
7.192606412394566178e+03
7.193175095461630917e+03
7.193743778528695657e+03
7.194312461595760396e+03
7.194881144662825136e+03
7.195449827729889876e+03
7.196018510796953706e+03
7.196587193864018445e+03
7.197155876931083185e+03
7.197724559998147924e+03
7.198293243065212664e+03
7.198861926132277404e+03
7.199430609199342143e+03
7.199999292266405973e+03
7.200567975333470713e+03
7.201136658400535453e+03
7.201705341467600192e+03
7.202274024534664932e+03
7.202842707601729671e+03
7.203411390668794411e+03
7.203980073735858241e+03
7.204548756802922981e+03
7.205117439869987720e+03
7.205686122937052460e+03
7.206254806004117199e+03
7.206823489071181939e+03
7.207392172138245769e+03
7.207960855205310509e+03
7.208529538272375248e+03
7.209098221339439988e+03
7.209666904406504727e+03
7.210235587473569467e+03
7.210804270540633297e+03
7.211372953607698037e+03
7.211941636674762776e+03
7.212510319741827516e+03
7.213079002808892255e+03
7.213647685875956995e+03
7.214216368943021735e+03
7.214785052010085565e+03
7.215353735077150304e+03
7.215922418144215044e+03
7.216491101211279783e+03
7.217059784278344523e+03
7.217628467345409263e+03
7.218197150412474002e+03
7.218765833479537832e+03
7.219334516546602572e+03
7.219903199613667311e+03
7.220471882680732051e+03
7.221040565747796791e+03
7.221609248814861530e+03
7.222177931881925360e+03
7.222746614948990100e+03
7.223315298016054840e+03
7.223883981083119579e+03
7.224452664150184319e+03
7.225021347217249058e+03
7.225590030284312888e+03
7.226158713351377628e+03
7.226727396418442368e+03
7.227296079485507107e+03
7.227864762552571847e+03
7.228433445619636586e+03
7.229002128686701326e+03
7.229570811753765156e+03
7.230139494820829896e+03
7.230708177887894635e+03
7.231276860954959375e+03
7.231845544022024114e+03
7.232414227089088854e+03
7.232982910156153594e+03
7.233551593223217424e+03
7.234120276290282163e+03
7.234688959357346903e+03
7.235257642424411642e+03
7.235826325491476382e+03
7.236395008558541122e+03
7.236963691625604952e+03
7.237532374692669691e+03
7.238101057759734431e+03
7.238669740826799170e+03
7.239238423893863910e+03
7.239807106960928650e+03
7.240375790027992480e+03
7.240944473095057219e+03
7.241513156162121959e+03
7.242081839229186699e+03
7.242650522296251438e+03
7.243219205363316178e+03
7.243787888430380917e+03
7.244356571497444747e+03
7.244925254564509487e+03
7.245493937631574227e+03
7.246062620698638966e+03
7.246631303765703706e+03
7.247199986832768445e+03
7.247768669899833185e+03
7.248337352966897015e+03
7.248906036033961755e+03
7.249474719101026494e+03
7.250043402168091234e+03
7.250612085235155973e+03
7.251180768302220713e+03
7.251749451369284543e+03
7.252318134436349283e+03
7.252886817503414022e+03
7.253455500570478762e+03
7.254024183637543501e+03
7.254592866704608241e+03
7.255161549771672071e+03
7.255730232838736811e+03
7.256298915905801550e+03
7.256867598972866290e+03
7.257436282039931029e+03
7.258004965106995769e+03
7.258573648174060509e+03
7.259142331241124339e+03
7.259711014308189078e+03
7.260279697375253818e+03
7.260848380442318557e+03
7.261417063509383297e+03
7.261985746576448037e+03
7.262554429643512776e+03
7.263123112710576606e+03
7.263691795777641346e+03
7.264260478844706086e+03
7.264829161911770825e+03
7.265397844978835565e+03
7.265966528045900304e+03
7.266535211112964134e+03
7.267103894180028874e+03
7.267672577247093614e+03
7.268241260314158353e+03
7.268809943381223093e+03
7.269378626448287832e+03
7.269947309515351662e+03
7.270515992582416402e+03
7.271084675649481142e+03
7.271653358716545881e+03
7.272222041783610621e+03
7.272790724850675360e+03
7.273359407917740100e+03
7.273928090984803930e+03
7.274496774051868670e+03
7.275065457118933409e+03
7.275634140185998149e+03
7.276202823253062888e+03
7.276771506320127628e+03
7.277340189387192368e+03
7.277908872454256198e+03
7.278477555521320937e+03
7.279046238588385677e+03
7.279614921655450416e+03
7.280183604722515156e+03
7.280752287789579896e+03
7.281320970856643726e+03
7.281889653923708465e+03
7.282458336990773205e+03
7.283027020057837944e+03
7.283595703124902684e+03
7.284164386191967424e+03
7.284733069259032163e+03
7.285301752326095993e+03
7.285870435393160733e+03
7.286439118460225473e+03
7.287007801527290212e+03
7.287576484594354952e+03
7.288145167661419691e+03
7.288713850728483521e+03
7.289282533795548261e+03
7.289851216862613001e+03
7.290419899929677740e+03
7.290988582996742480e+03
7.291557266063807219e+03
7.292125949130871959e+03
7.292694632197935789e+03
7.293263315265000529e+03
7.293831998332065268e+03
7.294400681399130008e+03
7.294969364466194747e+03
7.295538047533259487e+03
7.296106730600323317e+03
7.296675413667388057e+03
7.297244096734452796e+03
7.297812779801517536e+03
7.298381462868582275e+03
7.298950145935647015e+03
7.299518829002711755e+03
7.300087512069775585e+03
7.300656195136840324e+03
7.301224878203905064e+03
7.301793561270969803e+03
7.302362244338034543e+03
7.302930927405099283e+03
7.303499610472163113e+03
7.304068293539227852e+03
7.304636976606292592e+03
7.305205659673357331e+03
7.305774342740422071e+03
7.306343025807486811e+03
7.306911708874551550e+03
7.307480391941615380e+03
7.308049075008680120e+03
7.308617758075744860e+03
7.309186441142809599e+03
7.309755124209874339e+03
7.310323807276939078e+03
7.310892490344003818e+03
7.311461173411067648e+03
7.312029856478132388e+03
7.312598539545197127e+03
7.313167222612261867e+03
7.313735905679326606e+03
7.314304588746391346e+03
7.314873271813455176e+03
7.315441954880519916e+03
7.316010637947584655e+03
7.316579321014649395e+03
7.317148004081714134e+03
7.317716687148778874e+03
7.318285370215842704e+03
7.318854053282907444e+03
7.319422736349972183e+03
7.319991419417036923e+03
7.320560102484101662e+03
7.321128785551166402e+03
7.321697468618231142e+03
7.322266151685294972e+03
7.322834834752359711e+03
7.323403517819424451e+03
7.323972200886489190e+03
7.324540883953553930e+03
7.325109567020618670e+03
7.325678250087683409e+03
7.326246933154747239e+03
7.326815616221811979e+03
7.327384299288876718e+03
7.327952982355941458e+03
7.328521665423006198e+03
7.329090348490070937e+03
7.329659031557134767e+03
7.330227714624199507e+03
7.330796397691264247e+03
7.331365080758328986e+03
7.331933763825393726e+03
7.332502446892458465e+03
7.333071129959522295e+03
7.333639813026587035e+03
7.334208496093651775e+03
7.334777179160716514e+03
7.335345862227781254e+03
7.335914545294845993e+03
7.336483228361910733e+03
7.337051911428974563e+03
7.337620594496039303e+03
7.338189277563104042e+03
7.338757960630168782e+03
7.339326643697233521e+03
7.339895326764298261e+03
7.340464009831363001e+03
7.341032692898426831e+03
7.341601375965491570e+03
7.342170059032556310e+03
7.342738742099621049e+03
7.343307425166685789e+03
7.343876108233750529e+03
7.344444791300814359e+03
7.345013474367879098e+03
7.345582157434943838e+03
7.346150840502008577e+03
7.346719523569073317e+03
7.347288206636138057e+03
7.347856889703201887e+03
7.348425572770266626e+03
7.348994255837331366e+03
7.349562938904396105e+03
7.350131621971460845e+03
7.350700305038525585e+03
7.351268988105590324e+03
7.351837671172654154e+03
7.352406354239718894e+03
7.352975037306783634e+03
7.353543720373848373e+03
7.354112403440913113e+03
7.354681086507977852e+03
7.355249769575042592e+03
7.355818452642106422e+03
7.356387135709171162e+03
7.356955818776235901e+03
7.357524501843300641e+03
7.358093184910365380e+03
7.358661867977430120e+03
7.359230551044493950e+03
7.359799234111558690e+03
7.360367917178623429e+03
7.360936600245688169e+03
7.361505283312752908e+03
7.362073966379817648e+03
7.362642649446881478e+03
7.363211332513946218e+03
7.363780015581010957e+03
7.364348698648075697e+03
7.364917381715140436e+03
7.365486064782205176e+03
7.366054747849269916e+03
7.366623430916333746e+03
7.367192113983398485e+03
7.367760797050463225e+03
7.368329480117527964e+03
7.368898163184592704e+03
7.369466846251657444e+03
7.370035529318722183e+03
7.370604212385786013e+03
7.371172895452850753e+03
7.371741578519915493e+03
7.372310261586980232e+03
7.372878944654044972e+03
7.373447627721109711e+03
7.374016310788174451e+03
7.374584993855238281e+03
7.375153676922303021e+03
7.375722359989367760e+03
7.376291043056432500e+03
7.376859726123497239e+03
7.377428409190561069e+03
7.377997092257625809e+03
7.378565775324690549e+03
7.379134458391755288e+03
7.379703141458820028e+03
7.380271824525884767e+03
7.380840507592949507e+03
7.381409190660013337e+03
7.381977873727078077e+03
7.382546556794142816e+03
7.383115239861207556e+03
7.383683922928272295e+03
7.384252605995337035e+03
7.384821289062401775e+03
7.385389972129465605e+03
7.385958655196530344e+03
7.386527338263595084e+03
7.387096021330659823e+03
7.387664704397724563e+03
7.388233387464789303e+03
7.388802070531854042e+03
7.389370753598917872e+03
7.389939436665982612e+03
7.390508119733047351e+03
7.391076802800112091e+03
7.391645485867176831e+03
7.392214168934240661e+03
7.392782852001305400e+03
7.393351535068370140e+03
7.393920218135434880e+03
7.394488901202499619e+03
7.395057584269564359e+03
7.395626267336629098e+03
7.396194950403692928e+03
7.396763633470757668e+03
7.397332316537822408e+03
7.397900999604887147e+03
7.398469682671951887e+03
7.399038365739016626e+03
7.399607048806081366e+03
7.400175731873145196e+03
7.400744414940209936e+03
7.401313098007274675e+03
7.401881781074339415e+03
7.402450464141404154e+03
7.403019147208468894e+03
7.403587830275533634e+03
7.404156513342597464e+03
7.404725196409662203e+03
7.405293879476726943e+03
7.405862562543791682e+03
7.406431245610856422e+03
7.406999928677920252e+03
7.407568611744984992e+03
7.408137294812049731e+03
7.408705977879114471e+03
7.409274660946179210e+03
7.409843344013243950e+03
7.410412027080308690e+03
7.410980710147372520e+03
7.411549393214437259e+03
7.412118076281501999e+03
7.412686759348566738e+03
7.413255442415631478e+03
7.413824125482696218e+03
7.414392808549760957e+03
7.414961491616824787e+03
7.415530174683889527e+03
7.416098857750954267e+03
7.416667540818019006e+03
7.417236223885083746e+03
7.417804906952148485e+03
7.418373590019213225e+03
7.418942273086277055e+03
7.419510956153341795e+03
7.420079639220406534e+03
7.420648322287471274e+03
7.421217005354536013e+03
7.421785688421599843e+03
7.422354371488664583e+03
7.422923054555729323e+03
7.423491737622794062e+03
7.424060420689858802e+03
7.424629103756923541e+03
7.425197786823988281e+03
7.425766469891052111e+03
7.426335152958116851e+03
7.426903836025181590e+03
7.427472519092246330e+03
7.428041202159311069e+03
7.428609885226375809e+03
7.429178568293440549e+03
7.429747251360504379e+03
7.430315934427569118e+03
7.430884617494633858e+03
7.431453300561698597e+03
7.432021983628763337e+03
7.432590666695828077e+03
7.433159349762892816e+03
7.433728032829956646e+03
7.434296715897021386e+03
7.434865398964086125e+03
7.435434082031150865e+03
