4.499813079833984375e+01
4.370854949951171875e+01
4.540981292724609375e+01
4.441821670532226562e+01
4.371049499511718750e+01
4.718954467773437500e+01
4.882214736938476562e+01
5.228783798217773438e+01
5.236917114257812500e+01
4.665141296386718750e+01
4.558184432983398438e+01
4.691415405273437500e+01
4.730952835083007812e+01
4.498073577880859375e+01
4.177180862426757812e+01
4.098145294189453125e+01
4.136152648925781250e+01
4.348276519775390625e+01
4.306831359863281250e+01
4.273380279541015625e+01
4.446139144897460938e+01
4.361583709716796875e+01
4.543256759643554688e+01
4.382801055908203125e+01
4.434266662597656250e+01
4.806400299072265625e+01
6.404084777832031250e+01
1.022841415405273438e+02
1.308368072509765625e+02
1.109874114990234375e+02
7.269880676269531250e+01
5.313580703735351562e+01
4.863134765625000000e+01
4.571192932128906250e+01
4.519245529174804688e+01
4.366431808471679688e+01
4.444374084472656250e+01
4.283658599853515625e+01
4.384084701538085938e+01
4.431900787353515625e+01
4.368006515502929688e+01
4.461489105224609375e+01
4.670972824096679688e+01
4.959648132324218750e+01
5.161894989013671875e+01
6.067032241821289062e+01
7.577371215820312500e+01
8.212760925292968750e+01
1.476687622070312500e+02
4.766972961425781250e+02
9.990614624023437500e+02
1.143863159179687500e+03
7.207136840820312500e+02
2.556690521240234375e+02
7.387741088867187500e+01
4.675702285766601562e+01
4.626061248779296875e+01
4.514792633056640625e+01
4.506125640869140625e+01
4.652368545532226562e+01
6.093731689453125000e+01
1.008119354248046875e+02
1.398900604248046875e+02
1.327542877197265625e+02
9.317330932617187500e+01
5.645123672485351562e+01
4.709457778930664062e+01
4.472107696533203125e+01
4.356620025634765625e+01
4.391756439208984375e+01
4.483601760864257812e+01
4.410416412353515625e+01
4.427616882324218750e+01
4.409390258789062500e+01
4.482732772827148438e+01
4.479912185668945312e+01
4.367742919921875000e+01
4.257190322875976562e+01
4.363333892822265625e+01
4.368093490600585938e+01
4.293681716918945312e+01
4.332001495361328125e+01
4.360110473632812500e+01
4.134921646118164062e+01
4.369881057739257812e+01
4.474436187744140625e+01
5.344930267333984375e+01
6.687261199951171875e+01
7.199279785156250000e+01
6.248998260498046875e+01
4.938258361816406250e+01
4.511629486083984375e+01
4.511312103271484375e+01
4.451884460449218750e+01
4.567327117919921875e+01
4.503208923339843750e+01
4.605192565917968750e+01
4.669289398193359375e+01
4.580967330932617188e+01
4.694330215454101562e+01
5.250218582153320312e+01
7.790283966064453125e+01
1.127572402954101562e+02
1.194847640991210938e+02
9.103494262695312500e+01
5.904579544067382812e+01
4.687752532958984375e+01
4.528637313842773438e+01
4.537334060668945312e+01
4.415933990478515625e+01
4.346117401123046875e+01
4.400962066650390625e+01
4.301391220092773438e+01
4.337932586669921875e+01
4.344096755981445312e+01
4.450622177124023438e+01
4.432204055786132812e+01
4.351724243164062500e+01
4.464428710937500000e+01
4.420481491088867188e+01
4.518917465209960938e+01
4.679876327514648438e+01
4.612252807617187500e+01
4.666809082031250000e+01
4.612179183959960938e+01
4.645545959472656250e+01
4.762944030761718750e+01
4.732816314697265625e+01
4.637419509887695312e+01
4.524497222900390625e+01
4.654535675048828125e+01
4.424850463867187500e+01
4.499271392822265625e+01
4.627931976318359375e+01
5.349578857421875000e+01
6.132933807373046875e+01
6.342740249633789062e+01
5.462986755371093750e+01
4.806244277954101562e+01
4.488348388671875000e+01
4.507328796386718750e+01
4.698735809326171875e+01
4.579349136352539062e+01
4.533768463134765625e+01
4.516906738281250000e+01
4.440467453002929688e+01
4.560843658447265625e+01
5.386497879028320312e+01
7.326563262939453125e+01
9.051625061035156250e+01
8.424704742431640625e+01
6.213052368164062500e+01
4.954386901855468750e+01
4.569035339355468750e+01
4.582472610473632812e+01
4.572468566894531250e+01
4.508479690551757812e+01
4.822387695312500000e+01
4.836736297607421875e+01
5.310221862792968750e+01
1.031306381225585938e+02
2.612944641113281250e+02
4.235444030761718750e+02
3.972445068359375000e+02
2.147706298828125000e+02
8.805380249023437500e+01
5.162326812744140625e+01
4.797001266479492188e+01
4.573443603515625000e+01
4.565962982177734375e+01
4.459776306152343750e+01
4.459540176391601562e+01
4.479140853881835938e+01
4.510460281372070312e+01
4.450722503662109375e+01
4.524915313720703125e+01
4.451610565185546875e+01
4.533512115478515625e+01
4.564310073852539062e+01
4.727619171142578125e+01
4.487322235107421875e+01
4.354255294799804688e+01
4.601600265502929688e+01
4.602427673339843750e+01
4.469698333740234375e+01
4.448995208740234375e+01
4.522058486938476562e+01
4.578170394897460938e+01
5.039385604858398438e+01
5.563614273071289062e+01
5.527054977416992188e+01
5.161136627197265625e+01
4.679386901855468750e+01
4.513281250000000000e+01
4.777984619140625000e+01
4.773071670532226562e+01
4.675944137573242188e+01
4.629737091064453125e+01
4.636556625366210938e+01
4.590378952026367188e+01
5.025039291381835938e+01
6.149884033203125000e+01
6.923838043212890625e+01
6.433521270751953125e+01
5.321754837036132812e+01
4.748898696899414062e+01
4.552877807617187500e+01
4.574101257324218750e+01
4.586590194702148438e+01
4.563459777832031250e+01
4.569375228881835938e+01
4.664168548583984375e+01
4.681383895874023438e+01
4.521939468383789062e+01
4.531265258789062500e+01
4.571810150146484375e+01
4.553128814697265625e+01
4.501804351806640625e+01
4.511770248413085938e+01
4.436656951904296875e+01
4.606435775756835938e+01
4.659169006347656250e+01
4.537000274658203125e+01
4.619773483276367188e+01
4.400860977172851562e+01
4.288743209838867188e+01
4.298817443847656250e+01
4.374560546875000000e+01
4.618453216552734375e+01
4.590688705444335938e+01
4.581113815307617188e+01
4.611738967895507812e+01
4.612213897705078125e+01
4.538739013671875000e+01
4.585106277465820312e+01
4.653839492797851562e+01
4.502087020874023438e+01
4.481599426269531250e+01
4.483280181884765625e+01
4.390091323852539062e+01
4.391894149780273438e+01
4.477614974975585938e+01
4.446932983398437500e+01
4.567518234252929688e+01
4.510515975952148438e+01
4.602326202392578125e+01
4.420682144165039062e+01
4.498448181152343750e+01
4.646571731567382812e+01
4.935657501220703125e+01
5.232797241210937500e+01
4.988173675537109375e+01
4.668895721435546875e+01
4.578368377685546875e+01
4.547419357299804688e+01
4.407785034179687500e+01
4.294480133056640625e+01
4.556447601318359375e+01
4.528720092773437500e+01
4.543347930908203125e+01
4.995568466186523438e+01
5.518103408813476562e+01
5.572525405883789062e+01
5.348978805541992188e+01
4.767655944824218750e+01
4.547157669067382812e+01
4.571113204956054688e+01
4.641843414306640625e+01
4.542954635620117188e+01
4.466563415527343750e+01
4.590487670898437500e+01
4.574758148193359375e+01
4.607274246215820312e+01
4.725743103027343750e+01
4.541561889648437500e+01
4.506169509887695312e+01
4.634380722045898438e+01
4.685577011108398438e+01
4.585469818115234375e+01
4.523543548583984375e+01
4.323379898071289062e+01
4.538128662109375000e+01
4.418633270263671875e+01
4.445735549926757812e+01
4.520122528076171875e+01
4.625999450683593750e+01
4.502875518798828125e+01
4.646997070312500000e+01
4.629146575927734375e+01
4.549369812011718750e+01
4.470895767211914062e+01
4.645111083984375000e+01
4.648744583129882812e+01
4.391427993774414062e+01
4.328478240966796875e+01
4.358398056030273438e+01
4.425153732299804688e+01
4.597317886352539062e+01
4.565240478515625000e+01
4.448855209350585938e+01
4.615240859985351562e+01
4.663243484497070312e+01
4.577782058715820312e+01
4.536168289184570312e+01
4.679801940917968750e+01
4.539237976074218750e+01
4.570969009399414062e+01
4.635338592529296875e+01
4.650825500488281250e+01
4.633093261718750000e+01
4.596640777587890625e+01
4.697895050048828125e+01
4.718711853027343750e+01
4.501560974121093750e+01
4.626568603515625000e+01
4.661248779296875000e+01
5.117764663696289062e+01
5.127679443359375000e+01
5.271666717529296875e+01
5.145809555053710938e+01
4.866744232177734375e+01
4.874337768554687500e+01
4.693799972534179688e+01
4.723225402832031250e+01
4.792451095581054688e+01
4.597442245483398438e+01
4.875693511962890625e+01
5.032449340820312500e+01
5.229806137084960938e+01
5.223829650878906250e+01
4.953511810302734375e+01
4.712833786010742188e+01
4.787777709960937500e+01
4.636547470092773438e+01
4.600004196166992188e+01
4.684134674072265625e+01
5.121232604980468750e+01
6.152980041503906250e+01
6.701569366455078125e+01
6.452994537353515625e+01
6.504032897949218750e+01
7.886025238037109375e+01
9.036545562744140625e+01
8.007901763916015625e+01
6.234223175048828125e+01
5.280288696289062500e+01
4.725423431396484375e+01
4.739157485961914062e+01
5.494877243041992188e+01
7.060939025878906250e+01
9.177663421630859375e+01
9.725985717773437500e+01
7.678514099121093750e+01
5.794014358520507812e+01
4.868997192382812500e+01
4.703177261352539062e+01
4.682051467895507812e+01
4.555506896972656250e+01
4.424617004394531250e+01
4.338607788085937500e+01
4.464607238769531250e+01
4.874041748046875000e+01
5.549811935424804688e+01
6.079869461059570312e+01
5.771889877319335938e+01
5.102463150024414062e+01
4.533048629760742188e+01
4.547036743164062500e+01
4.716292190551757812e+01
4.695616531372070312e+01
4.651774978637695312e+01
4.501444625854492188e+01
4.400114822387695312e+01
4.402187728881835938e+01
4.435227966308593750e+01
4.541383361816406250e+01
4.612354278564453125e+01
4.673419570922851562e+01
4.658910751342773438e+01
4.629445266723632812e+01
4.564117050170898438e+01
4.464494323730468750e+01
4.507630157470703125e+01
4.497013473510742188e+01
4.567321014404296875e+01
4.510298156738281250e+01
4.497529602050781250e+01
4.486820220947265625e+01
4.458210754394531250e+01
4.496218872070312500e+01
4.487255859375000000e+01
4.648217391967773438e+01
4.519287109375000000e+01
4.471857452392578125e+01
4.307545852661132812e+01
4.309372329711914062e+01
4.908709716796875000e+01
6.210256958007812500e+01
1.049157867431640625e+02
1.625781097412109375e+02
1.763879394531250000e+02
1.234939270019531250e+02
7.172409057617187500e+01
5.017557144165039062e+01
4.599781417846679688e+01
4.787811660766601562e+01
4.996006011962890625e+01
5.006300735473632812e+01
5.036549377441406250e+01
6.202120590209960938e+01
8.056595611572265625e+01
8.650625610351562500e+01
7.069844818115234375e+01
5.420379257202148438e+01
4.807955932617187500e+01
4.667816543579101562e+01
4.621517944335937500e+01
4.833909606933593750e+01
4.693901062011718750e+01
4.725499725341796875e+01
4.712799835205078125e+01
4.833955383300781250e+01
4.856779098510742188e+01
4.645905303955078125e+01
4.850991439819335938e+01
5.037060165405273438e+01
5.441446685791015625e+01
5.481634902954101562e+01
4.936281204223632812e+01
4.517171859741210938e+01
4.455431365966796875e+01
4.201047134399414062e+01
4.454899978637695312e+01
4.468613815307617188e+01
4.480654907226562500e+01
4.509615325927734375e+01
4.429805374145507812e+01
4.573946380615234375e+01
4.580031585693359375e+01
4.984452056884765625e+01
6.227101135253906250e+01
7.436309814453125000e+01
7.259036254882812500e+01
5.796112823486328125e+01
4.986201095581054688e+01
4.750701522827148438e+01
4.866167068481445312e+01
4.979162597656250000e+01
4.970831298828125000e+01
4.946494293212890625e+01
4.731875610351562500e+01
4.761912536621093750e+01
4.756728744506835938e+01
4.755725860595703125e+01
4.736201477050781250e+01
4.819210052490234375e+01
4.812509155273437500e+01
5.087440872192382812e+01
7.308345031738281250e+01
1.269633331298828125e+02
1.618886413574218750e+02
1.307383880615234375e+02
7.803776550292968750e+01
5.250912475585937500e+01
4.868589782714843750e+01
4.836548614501953125e+01
4.669498443603515625e+01
4.769947814941406250e+01
4.782210922241210938e+01
4.672794342041015625e+01
4.790068817138671875e+01
4.797183227539062500e+01
5.055836486816406250e+01
5.243673706054687500e+01
5.156145477294921875e+01
5.143214416503906250e+01
5.030371856689453125e+01
5.331722640991210938e+01
6.515720367431640625e+01
7.913924407958984375e+01
7.994732666015625000e+01
6.442926025390625000e+01
5.289648818969726562e+01
4.972995376586914062e+01
5.019557571411132812e+01
5.195720672607421875e+01
5.199734497070312500e+01
5.163870239257812500e+01
5.053561401367187500e+01
4.964632797241210938e+01
4.814464950561523438e+01
4.812377166748046875e+01
4.845462417602539062e+01
5.068449020385742188e+01
6.941210937500000000e+01
1.238927459716796875e+02
1.691517333984375000e+02
1.447948760986328125e+02
8.655873107910156250e+01
5.448188018798828125e+01
4.724507522583007812e+01
4.572518539428710938e+01
4.606311035156250000e+01
4.611424636840820312e+01
4.584834671020507812e+01
4.644359207153320312e+01
4.514266204833984375e+01
4.548627853393554688e+01
4.570839691162109375e+01
5.206544494628906250e+01
8.072586822509765625e+01
1.453327484130859375e+02
2.018953704833984375e+02
1.786415100097656250e+02
1.079215698242187500e+02
5.960480117797851562e+01
4.778648376464843750e+01
4.742097473144531250e+01
4.629405975341796875e+01
4.646041107177734375e+01
4.670520782470703125e+01
5.367243576049804688e+01
6.642450714111328125e+01
7.239923095703125000e+01
6.404131317138671875e+01
5.428726196289062500e+01
5.024960708618164062e+01
5.035584259033203125e+01
5.049771881103515625e+01
4.978322219848632812e+01
4.890268325805664062e+01
4.854949569702148438e+01
4.819267654418945312e+01
4.764345932006835938e+01
4.668482589721679688e+01
5.098115158081054688e+01
7.269451904296875000e+01
1.129202575683593750e+02
1.309374694824218750e+02
1.029617004394531250e+02
6.814382171630859375e+01
5.105307388305664062e+01
4.875186920166015625e+01
4.921414566040039062e+01
4.772509384155273438e+01
4.970678710937500000e+01
5.348082733154296875e+01
6.010488891601562500e+01
6.616458129882812500e+01
6.603639984130859375e+01
5.906481933593750000e+01
5.230409240722656250e+01
4.837005233764648438e+01
4.799320220947265625e+01
4.744863128662109375e+01
4.760503768920898438e+01
4.823402023315429688e+01
4.801555633544921875e+01
4.835126495361328125e+01
4.888542938232421875e+01
4.874745941162109375e+01
5.025469589233398438e+01
5.017842864990234375e+01
5.014633941650390625e+01
4.856015777587890625e+01
4.709557723999023438e+01
4.558515930175781250e+01
4.595763397216796875e+01
4.780079269409179688e+01
4.777952194213867188e+01
5.294443130493164062e+01
6.154426574707031250e+01
6.372858428955078125e+01
5.956271362304687500e+01
5.055920410156250000e+01
4.750020980834960938e+01
4.676123046875000000e+01
4.787212753295898438e+01
4.870037841796875000e+01
4.743649291992187500e+01
4.843659591674804688e+01
4.721129608154296875e+01
4.862789154052734375e+01
5.634321594238281250e+01
7.392959594726562500e+01
8.731867218017578125e+01
7.669924926757812500e+01
5.791001510620117188e+01
4.931642150878906250e+01
4.719817352294921875e+01
4.772646331787109375e+01
4.741596221923828125e+01
4.848942565917968750e+01
4.703759002685546875e+01
4.753867721557617188e+01
4.785869979858398438e+01
4.670743560791015625e+01
4.779679870605468750e+01
4.828059387207031250e+01
4.743455505371093750e+01
4.712619018554687500e+01
4.692124557495117188e+01
4.679410552978515625e+01
4.614484024047851562e+01
4.849937057495117188e+01
4.783570098876953125e+01
4.754594421386718750e+01
4.702787780761718750e+01
4.755951690673828125e+01
4.804756546020507812e+01
4.852396774291992188e+01
4.731565856933593750e+01
4.845331573486328125e+01
4.939808273315429688e+01
4.714532470703125000e+01
4.791186904907226562e+01
4.629801177978515625e+01
4.690282821655273438e+01
4.735080718994140625e+01
4.677117156982421875e+01
4.706603240966796875e+01
4.734095001220703125e+01
4.632047653198242188e+01
4.710080718994140625e+01
4.841597366333007812e+01
5.167986679077148438e+01
5.492622756958007812e+01
5.387068557739257812e+01
5.182739257812500000e+01
4.790978622436523438e+01
4.711976242065429688e+01
4.813319015502929688e+01
4.842929077148437500e+01
4.814882278442382812e+01
4.738811874389648438e+01
4.772980880737304688e+01
5.111835479736328125e+01
5.644649124145507812e+01
6.221602249145507812e+01
5.809740447998046875e+01
5.066712570190429688e+01
4.646594619750976562e+01
4.696292114257812500e+01
4.867844772338867188e+01
4.933572769165039062e+01
5.015493774414062500e+01
5.089795684814453125e+01
5.096258926391601562e+01
5.155536651611328125e+01
5.136951446533203125e+01
5.189332199096679688e+01
4.987786483764648438e+01
4.902104187011718750e+01
4.658047103881835938e+01
4.646535491943359375e+01
4.602976989746093750e+01
4.854413604736328125e+01
4.667810821533203125e+01
4.738687896728515625e+01
4.735087585449218750e+01
4.614706039428710938e+01
4.743061065673828125e+01
4.684323883056640625e+01
4.754959106445312500e+01
4.712668609619140625e+01
4.781713104248046875e+01
4.826810455322265625e+01
4.901114654541015625e+01
4.823829650878906250e+01
4.809299850463867188e+01
4.801372909545898438e+01
4.848496627807617188e+01
4.704296493530273438e+01
4.573035049438476562e+01
4.545732498168945312e+01
4.791273498535156250e+01
4.893616867065429688e+01
4.603504180908203125e+01
4.633043289184570312e+01
4.826116561889648438e+01
4.725875473022460938e+01
4.839231872558593750e+01
4.946919250488281250e+01
4.818443298339843750e+01
4.843269348144531250e+01
4.959734344482421875e+01
5.124894714355468750e+01
5.158676528930664062e+01
4.786769485473632812e+01
4.734356307983398438e+01
4.712928771972656250e+01
4.712415695190429688e+01
4.623883056640625000e+01
4.651516342163085938e+01
4.870303344726562500e+01
5.115784835815429688e+01
5.434578704833984375e+01
5.495518493652343750e+01
5.215744400024414062e+01
4.966196823120117188e+01
4.767490386962890625e+01
4.650153350830078125e+01
4.727308654785156250e+01
4.770116424560546875e+01
4.643120574951171875e+01
4.732051467895507812e+01
4.713166046142578125e+01
4.724905395507812500e+01
4.797589111328125000e+01
4.642876434326171875e+01
4.710527801513671875e+01
4.688056564331054688e+01
4.684922027587890625e+01
4.615780639648437500e+01
4.651295471191406250e+01
4.651932144165039062e+01
4.679721069335937500e+01
4.694543838500976562e+01
4.734321212768554688e+01
4.679055404663085938e+01
4.650908660888671875e+01
4.571799850463867188e+01
4.795293426513671875e+01
4.794866943359375000e+01
4.730758666992187500e+01
4.837197494506835938e+01
4.659774398803710938e+01
4.746572875976562500e+01
4.674619674682617188e+01
4.786650085449218750e+01
4.802376174926757812e+01
4.634090423583984375e+01
4.687217330932617188e+01
4.772346496582031250e+01
4.842377471923828125e+01
4.752856826782226562e+01
4.687475967407226562e+01
4.725238037109375000e+01
4.675637054443359375e+01
4.758137893676757812e+01
4.621215438842773438e+01
4.687347412109375000e+01
4.722316741943359375e+01
4.862368774414062500e+01
4.739035415649414062e+01
4.609826660156250000e+01
4.654201126098632812e+01
4.553210449218750000e+01
4.663976287841796875e+01
4.698651504516601562e+01
4.896876144409179688e+01
5.407478332519531250e+01
5.438970947265625000e+01
5.176835632324218750e+01
5.054563522338867188e+01
4.961639022827148438e+01
4.837347793579101562e+01
4.884225845336914062e+01
4.715197372436523438e+01
4.852127456665039062e+01
4.962825775146484375e+01
5.066632843017578125e+01
5.134761428833007812e+01
4.956807708740234375e+01
4.843251419067382812e+01
4.901498794555664062e+01
4.834171676635742188e+01
4.919049453735351562e+01
5.038922500610351562e+01
4.885396194458007812e+01
4.730877685546875000e+01
4.718772506713867188e+01
4.815837097167968750e+01
5.018777084350585938e+01
4.811424255371093750e+01
4.820474624633789062e+01
4.713682174682617188e+01
4.676054382324218750e+01
4.795711898803710938e+01
4.998685836791992188e+01
5.391767883300781250e+01
5.821139526367187500e+01
6.155593490600585938e+01
5.956148529052734375e+01
5.230997467041015625e+01
4.997796630859375000e+01
4.879468154907226562e+01
4.803771591186523438e+01
4.943489456176757812e+01
4.827831268310546875e+01
4.728673553466796875e+01
4.571090698242187500e+01
4.723183822631835938e+01
4.774159240722656250e+01
4.915557098388671875e+01
4.765613937377929688e+01
4.727483367919921875e+01
4.723939514160156250e+01
4.675111389160156250e+01
4.704948806762695312e+01
4.722314453125000000e+01
4.809521484375000000e+01
4.781033325195312500e+01
4.771197509765625000e+01
4.816490936279296875e+01
5.105910491943359375e+01
5.478040313720703125e+01
5.824417114257812500e+01
5.735351562500000000e+01
5.372995376586914062e+01
5.083569335937500000e+01
4.909492874145507812e+01
4.788663101196289062e+01
4.861220932006835938e+01
4.823262405395507812e+01
4.790401458740234375e+01
4.812675476074218750e+01
4.655316925048828125e+01
4.757918167114257812e+01
4.711297988891601562e+01
4.721922683715820312e+01
4.742826461791992188e+01
4.838072204589843750e+01
5.013479232788085938e+01
5.251661300659179688e+01
5.110503387451171875e+01
4.934925460815429688e+01
4.776683807373046875e+01
4.731245040893554688e+01
4.886213684082031250e+01
5.087471008300781250e+01
5.062882614135742188e+01
5.121219635009765625e+01
5.084644317626953125e+01
4.855272674560546875e+01
4.815402603149414062e+01
4.687553405761718750e+01
4.715200042724609375e+01
4.724652862548828125e+01
4.719837570190429688e+01
4.714104080200195312e+01
4.803964996337890625e+01
4.670429611206054688e+01
4.668424987792968750e+01
4.719995117187500000e+01
4.610995101928710938e+01
4.533673095703125000e+01
4.578748321533203125e+01
4.853469848632812500e+01
4.625324249267578125e+01
4.722916793823242188e+01
4.717368698120117188e+01
4.786944198608398438e+01
4.732042694091796875e+01
4.661229324340820312e+01
4.618223953247070312e+01
4.591252517700195312e+01
4.593260192871093750e+01
4.819001388549804688e+01
4.720048522949218750e+01
4.677154159545898438e+01
4.739862823486328125e+01
4.737507629394531250e+01
4.790464782714843750e+01
4.780483245849609375e+01
4.686684799194335938e+01
4.693359375000000000e+01
4.750992202758789062e+01
4.751631164550781250e+01
4.642911911010742188e+01
4.722853851318359375e+01
4.628421783447265625e+01
4.538121414184570312e+01
4.659615325927734375e+01
4.747787857055664062e+01
4.759521865844726562e+01
4.653621673583984375e+01
4.734480285644531250e+01
4.645738220214843750e+01
4.517319869995117188e+01
4.544621276855468750e+01
4.688613510131835938e+01
4.618840408325195312e+01
4.843502426147460938e+01
4.838056945800781250e+01
4.659201812744140625e+01
4.652783966064453125e+01
4.747983551025390625e+01
4.883071899414062500e+01
4.720984649658203125e+01
4.809506988525390625e+01
4.729385757446289062e+01
4.698874664306640625e+01
4.639008331298828125e+01
4.639398193359375000e+01
4.709377288818359375e+01
4.658969497680664062e+01
4.686023712158203125e+01
4.565847778320312500e+01
4.742573165893554688e+01
4.810464859008789062e+01
4.872380828857421875e+01
4.862623596191406250e+01
4.831220245361328125e+01
4.732081604003906250e+01
4.698370742797851562e+01
4.647661972045898438e+01
4.914068222045898438e+01
5.141191101074218750e+01
5.083711242675781250e+01
4.902384185791015625e+01
4.828825759887695312e+01
4.868096923828125000e+01
4.695804595947265625e+01
4.641840362548828125e+01
4.688086700439453125e+01
4.674320983886718750e+01
4.705752563476562500e+01
4.678625106811523438e+01
4.609206008911132812e+01
4.700832748413085938e+01
4.743851089477539062e+01
4.642762374877929688e+01
4.633090591430664062e+01
4.595205307006835938e+01
4.609329223632812500e+01
4.715237808227539062e+01
4.815170288085937500e+01
4.650625228881835938e+01
4.684941482543945312e+01
4.719548034667968750e+01
4.625695800781250000e+01
4.618800354003906250e+01
4.703089523315429688e+01
4.794018173217773438e+01
4.762377166748046875e+01
4.713478088378906250e+01
4.610640335083007812e+01
4.729531478881835938e+01
4.664471817016601562e+01
4.598530197143554688e+01
4.641333007812500000e+01
4.631779861450195312e+01
4.685594177246093750e+01
4.668653488159179688e+01
4.812791061401367188e+01
4.817828750610351562e+01
4.663124084472656250e+01
4.816626739501953125e+01
4.734602737426757812e+01
4.830139541625976562e+01
4.682631301879882812e+01
4.788958740234375000e+01
4.747905349731445312e+01
4.685839462280273438e+01
4.667847061157226562e+01
4.718739318847656250e+01
4.788055801391601562e+01
4.821532058715820312e+01
4.706400299072265625e+01
4.621789550781250000e+01
4.754856109619140625e+01
4.836795806884765625e+01
4.798459243774414062e+01
4.731863403320312500e+01
4.798450469970703125e+01
4.770087814331054688e+01
4.784311294555664062e+01
4.749810028076171875e+01
4.594628524780273438e+01
4.750775909423828125e+01
4.676113891601562500e+01
4.744757843017578125e+01
4.704513931274414062e+01
4.810496520996093750e+01
4.953925323486328125e+01
6.585945129394531250e+01
9.345925903320312500e+01
1.100041503906250000e+02
1.139636001586914062e+02
1.406579742431640625e+02
1.878457641601562500e+02
1.733113861083984375e+02
1.105374298095703125e+02
6.575776672363281250e+01
5.501536941528320312e+01
6.135521697998046875e+01
7.258000946044921875e+01
1.094391479492187500e+02
1.830946350097656250e+02
2.173501129150390625e+02
1.636714782714843750e+02
8.875267791748046875e+01
5.791032791137695312e+01
5.097434616088867188e+01
4.858613586425781250e+01
4.793667984008789062e+01
4.925765228271484375e+01
5.009825134277343750e+01
5.572324752807617188e+01
5.813159942626953125e+01
5.725765609741210938e+01
7.249406433105468750e+01
8.756954193115234375e+01
8.174859619140625000e+01
6.102833175659179688e+01
5.482466506958007812e+01
5.374559783935546875e+01
5.379421997070312500e+01
5.492768859863281250e+01
5.430974197387695312e+01
5.405817413330078125e+01
5.429122543334960938e+01
5.505604171752929688e+01
5.466796112060546875e+01
5.401275634765625000e+01
5.284736633300781250e+01
5.534715652465820312e+01
5.547225189208984375e+01
5.456222152709960938e+01
5.584104156494140625e+01
5.605612182617187500e+01
5.584330749511718750e+01
5.556698608398437500e+01
5.597833251953125000e+01
5.481164169311523438e+01
5.453954315185546875e+01
5.542354583740234375e+01
5.468726348876953125e+01
5.502825927734375000e+01
5.439447021484375000e+01
5.453490447998046875e+01
5.398688888549804688e+01
5.414429855346679688e+01
5.597906494140625000e+01
5.419464111328125000e+01
5.507458877563476562e+01
5.563552093505859375e+01
6.102460861206054688e+01
8.664268493652343750e+01
1.744867706298828125e+02
3.381537475585937500e+02
4.224984741210937500e+02
2.985035095214843750e+02
1.309745025634765625e+02
6.168538284301757812e+01
5.509767913818359375e+01
5.338894271850585938e+01
5.320980072021484375e+01
5.247540664672851562e+01
5.313911056518554688e+01
5.364259338378906250e+01
5.517841720581054688e+01
5.749997329711914062e+01
6.564983367919921875e+01
6.345212554931640625e+01
5.738174819946289062e+01
5.443683624267578125e+01
5.282239913940429688e+01
5.295209503173828125e+01
5.369724655151367188e+01
5.226166152954101562e+01
5.408953475952148438e+01
5.567578887939453125e+01
5.493634796142578125e+01
5.332432937622070312e+01
5.409212875366210938e+01
5.604086303710937500e+01
5.272661972045898438e+01
5.328864288330078125e+01
5.648416137695312500e+01
7.008428955078125000e+01
8.337010192871093750e+01
7.710734558105468750e+01
6.330507278442382812e+01
5.661106491088867188e+01
5.509265899658203125e+01
5.499757385253906250e+01
5.482332611083984375e+01
5.319773483276367188e+01
5.360808181762695312e+01
5.350231170654296875e+01
5.451116180419921875e+01
5.450729751586914062e+01
5.515192413330078125e+01
7.326253509521484375e+01
1.031078796386718750e+02
1.006620941162109375e+02
7.225428009033203125e+01
5.576423645019531250e+01
5.452526092529296875e+01
5.418674087524414062e+01
5.385427093505859375e+01
5.409661102294921875e+01
5.461627960205078125e+01
5.477796173095703125e+01
5.747216796875000000e+01
5.549552917480468750e+01
5.447398757934570312e+01
5.306386566162109375e+01
5.420532226562500000e+01
5.405796051025390625e+01
5.460420227050781250e+01
5.418187713623046875e+01
5.545906829833984375e+01
5.946131515502929688e+01
8.598580932617187500e+01
9.540156555175781250e+01
7.689319610595703125e+01
5.754993820190429688e+01
5.621468734741210938e+01
5.550194549560546875e+01
5.592233657836914062e+01
5.395381927490234375e+01
5.448357772827148438e+01
5.444998168945312500e+01
5.523278427124023438e+01
5.395393371582031250e+01
5.529405212402343750e+01
5.392690658569335938e+01
5.265863037109375000e+01
5.320870208740234375e+01
5.334312820434570312e+01
5.359233856201171875e+01
5.336756896972656250e+01
5.711965560913085938e+01
8.995185852050781250e+01
1.371193695068359375e+02
1.377289428710937500e+02
9.037796783447265625e+01
5.511575698852539062e+01
5.290431976318359375e+01
5.412485504150390625e+01
5.375125885009765625e+01
5.455591583251953125e+01
5.556875610351562500e+01
5.295276260375976562e+01
5.551896667480468750e+01
5.419799804687500000e+01
5.458256912231445312e+01
5.469152832031250000e+01
5.502172088623046875e+01
5.508442687988281250e+01
5.468652343750000000e+01
8.398085021972656250e+01
1.641218566894531250e+02
2.255187377929687500e+02
1.797331542968750000e+02
9.239200592041015625e+01
5.757026672363281250e+01
5.402124404907226562e+01
5.365800094604492188e+01
5.555615997314453125e+01
5.499988937377929688e+01
5.412088394165039062e+01
5.364085769653320312e+01
5.365988922119140625e+01
5.235846328735351562e+01
5.213826751708984375e+01
5.318135833740234375e+01
5.362663269042968750e+01
5.439596557617187500e+01
5.401290512084960938e+01
5.418443679809570312e+01
5.409068679809570312e+01
5.422485733032226562e+01
5.363064193725585938e+01
5.294371795654296875e+01
5.263768768310546875e+01
5.521822738647460938e+01
5.427655410766601562e+01
5.368661117553710938e+01
5.184093093872070312e+01
6.873974609375000000e+01
1.031002044677734375e+02
1.162636337280273438e+02
8.999900817871093750e+01
5.859135055541992188e+01
5.241860580444335938e+01
5.426440811157226562e+01
5.396251678466796875e+01
5.478468704223632812e+01
5.368731689453125000e+01
5.347190856933593750e+01
5.330207061767578125e+01
5.397407531738281250e+01
5.252244567871093750e+01
5.335568237304687500e+01
5.172459030151367188e+01
5.838356781005859375e+01
1.183662719726562500e+02
2.064318542480468750e+02
2.127485351562500000e+02
1.365208129882812500e+02
7.161768341064453125e+01
5.367100143432617188e+01
5.373946380615234375e+01
5.276873397827148438e+01
5.004741668701171875e+01
4.641113662719726562e+01
4.580653762817382812e+01
4.842298126220703125e+01
5.070553970336914062e+01
4.962401199340820312e+01
4.822483825683593750e+01
4.967884826660156250e+01
5.147966766357421875e+01
5.236441040039062500e+01
5.184589385986328125e+01
5.175097274780273438e+01
4.883256149291992188e+01
4.988309478759765625e+01
4.968557739257812500e+01
4.882455825805664062e+01
5.016078948974609375e+01
5.145243072509765625e+01
5.185705566406250000e+01
5.081814575195312500e+01
4.960466003417968750e+01
4.948060226440429688e+01
5.272788619995117188e+01
5.619699096679687500e+01
5.579496002197265625e+01
5.440010833740234375e+01
5.008620452880859375e+01
4.977778244018554688e+01
5.475725555419921875e+01
7.549067687988281250e+01
1.000702743530273438e+02
9.298910522460937500e+01
6.648580932617187500e+01
5.235350799560546875e+01
5.017771911621093750e+01
5.037739181518554688e+01
5.079670715332031250e+01
4.921180725097656250e+01
4.880293273925781250e+01
4.911904144287109375e+01
5.143173980712890625e+01
5.257960510253906250e+01
5.247507858276367188e+01
6.720748901367187500e+01
1.188348236083984375e+02
1.648330383300781250e+02
1.467099761962890625e+02
9.152423858642578125e+01
5.919834136962890625e+01
4.892517852783203125e+01
4.796992492675781250e+01
4.770940399169921875e+01
5.110739517211914062e+01
5.318506240844726562e+01
5.417175674438476562e+01
5.233570098876953125e+01
5.051910018920898438e+01
4.906166839599609375e+01
4.997851943969726562e+01
5.117818832397460938e+01
5.154615020751953125e+01
4.878544235229492188e+01
4.957106018066406250e+01
4.630066680908203125e+01
4.538734054565429688e+01
4.557296752929687500e+01
4.743756484985351562e+01
4.849612045288085938e+01
4.899028778076171875e+01
4.933415985107421875e+01
4.789624404907226562e+01
4.638232421875000000e+01
4.510186386108398438e+01
4.431069183349609375e+01
4.749437332153320312e+01
4.946274566650390625e+01
5.188802337646484375e+01
5.292366027832031250e+01
5.327085113525390625e+01
5.047980880737304688e+01
4.559875488281250000e+01
4.575252151489257812e+01
4.701490402221679688e+01
4.993001937866210938e+01
5.001547241210937500e+01
5.004017639160156250e+01
5.019863128662109375e+01
4.874619293212890625e+01
5.447311019897460938e+01
6.551787567138671875e+01
7.237162017822265625e+01
6.154971694946289062e+01
4.865758514404296875e+01
4.484283065795898438e+01
4.513665008544921875e+01
4.553448867797851562e+01
4.561318969726562500e+01
4.623846817016601562e+01
4.623304748535156250e+01
4.649328613281250000e+01
4.718452835083007812e+01
5.408915710449218750e+01
7.411350250244140625e+01
9.134532165527343750e+01
8.510091400146484375e+01
6.265175247192382812e+01
5.075813293457031250e+01
4.764732742309570312e+01
4.630758285522460938e+01
4.472699737548828125e+01
4.370633316040039062e+01
4.127784347534179688e+01
4.146632766723632812e+01
4.251648330688476562e+01
4.462823867797851562e+01
4.548194122314453125e+01
4.608586120605468750e+01
4.563534164428710938e+01
4.744399642944335938e+01
4.701580810546875000e+01
4.666681671142578125e+01
4.560579681396484375e+01
4.517514419555664062e+01
4.466492462158203125e+01
4.257928848266601562e+01
4.279029083251953125e+01
4.341155624389648438e+01
4.423851013183593750e+01
4.556938552856445312e+01
4.517947387695312500e+01
4.233303070068359375e+01
4.325706863403320312e+01
4.310528564453125000e+01
4.463946533203125000e+01
4.718936157226562500e+01
5.080306625366210938e+01
4.954588317871093750e+01
4.746863937377929688e+01
4.668412780761718750e+01
4.572999572753906250e+01
4.525537109375000000e+01
4.638656997680664062e+01
4.663388442993164062e+01
4.587684631347656250e+01
4.542619323730468750e+01
4.766234207153320312e+01
4.614968109130859375e+01
4.498518371582031250e+01
4.496974945068359375e+01
4.532254791259765625e+01
4.356727600097656250e+01
4.535799789428710938e+01
4.467623901367187500e+01
4.562146377563476562e+01
5.029152679443359375e+01
5.816598510742187500e+01
6.164521408081054688e+01
5.695329666137695312e+01
4.990573501586914062e+01
4.695160293579101562e+01
4.675926208496093750e+01
4.700991821289062500e+01
4.935850906372070312e+01
5.301928329467773438e+01
5.619047546386718750e+01
5.876132965087890625e+01
6.619408416748046875e+01
7.887456512451171875e+01
8.390890502929687500e+01
7.722702026367187500e+01
6.749200439453125000e+01
6.213453292846679688e+01
5.901885604858398438e+01
5.845478820800781250e+01
5.703620147705078125e+01
5.417525863647460938e+01
5.394215774536132812e+01
5.524148559570312500e+01
5.616685867309570312e+01
5.342562866210937500e+01
4.997236251831054688e+01
4.982956695556640625e+01
5.107923126220703125e+01
4.873979949951171875e+01
4.657422637939453125e+01
4.565435791015625000e+01
4.557578277587890625e+01
4.519761276245117188e+01
4.800569534301757812e+01
5.035307693481445312e+01
5.047406768798828125e+01
4.997924804687500000e+01
5.078834915161132812e+01
5.235819625854492188e+01
5.750649261474609375e+01
5.768275833129882812e+01
5.418137359619140625e+01
5.202533721923828125e+01
5.109544754028320312e+01
5.615591430664062500e+01
5.875844192504882812e+01
5.828784942626953125e+01
5.543057250976562500e+01
4.920371627807617188e+01
4.961975097656250000e+01
5.392612075805664062e+01
5.839967727661132812e+01
5.753239440917968750e+01
5.341826629638671875e+01
4.846933746337890625e+01
4.573075866699218750e+01
4.911564254760742188e+01
5.453217315673828125e+01
5.814726257324218750e+01
5.751568603515625000e+01
5.273904037475585938e+01
4.747167205810546875e+01
4.698075866699218750e+01
4.931919097900390625e+01
5.182485198974609375e+01
5.545619964599609375e+01
5.763201522827148438e+01
5.240117645263671875e+01
5.029288864135742188e+01
4.923681640625000000e+01
4.804803466796875000e+01
5.093346786499023438e+01
5.840462112426757812e+01
6.630980682373046875e+01
6.449765014648437500e+01
5.352742767333984375e+01
4.677824401855468750e+01
4.563878631591796875e+01
4.490594863891601562e+01
4.725347900390625000e+01
4.831380844116210938e+01
5.207221603393554688e+01
5.555686569213867188e+01
6.116616439819335938e+01
6.538928985595703125e+01
6.335199737548828125e+01
5.689403152465820312e+01
5.386018753051757812e+01
5.235973358154296875e+01
5.160892486572265625e+01
5.217003631591796875e+01
5.042852020263671875e+01
4.888366699218750000e+01
4.696624755859375000e+01
4.611069488525390625e+01
4.652845001220703125e+01
4.569624710083007812e+01
4.633334350585937500e+01
4.676259994506835938e+01
4.814914703369140625e+01
4.789636993408203125e+01
4.671630859375000000e+01
4.650082397460937500e+01
4.592720413208007812e+01
4.757320785522460938e+01
4.925984954833984375e+01
4.890356063842773438e+01
4.779037857055664062e+01
4.662490081787109375e+01
4.775767898559570312e+01
4.823813629150390625e+01
4.806403350830078125e+01
4.823592376708984375e+01
4.815642166137695312e+01
4.593302917480468750e+01
4.630179977416992188e+01
4.774244308471679688e+01
4.793984985351562500e+01
4.916910171508789062e+01
4.892280578613281250e+01
4.809618377685546875e+01
4.633707046508789062e+01
4.798594665527343750e+01
4.763481521606445312e+01
4.741564941406250000e+01
4.725891113281250000e+01
4.774985122680664062e+01
4.744166183471679688e+01
4.715171813964843750e+01
4.556881713867187500e+01
4.632040405273437500e+01
4.623529052734375000e+01
4.778965759277343750e+01
4.776146316528320312e+01
4.766517639160156250e+01
4.690222549438476562e+01
4.660255432128906250e+01
4.606883239746093750e+01
4.607250213623046875e+01
4.648005676269531250e+01
4.665053558349609375e+01
4.631700897216796875e+01
4.741567993164062500e+01
4.655772018432617188e+01
4.643634414672851562e+01
4.741798400878906250e+01
4.603242874145507812e+01
4.589645385742187500e+01
4.685829544067382812e+01
4.692197418212890625e+01
4.972054672241210938e+01
5.426205444335937500e+01
5.853030395507812500e+01
5.648789596557617188e+01
5.061033248901367188e+01
4.872454071044921875e+01
4.688287734985351562e+01
4.649792480468750000e+01
4.669998550415039062e+01
4.688665008544921875e+01
5.134783554077148438e+01
5.631208038330078125e+01
5.878923797607421875e+01
5.515462493896484375e+01
5.159402847290039062e+01
5.067975234985351562e+01
4.963716125488281250e+01
4.949368286132812500e+01
4.994634628295898438e+01
5.031599426269531250e+01
4.969078445434570312e+01
4.900572586059570312e+01
4.982386779785156250e+01
4.992066192626953125e+01
5.091989135742187500e+01
5.059936141967773438e+01
5.167501449584960938e+01
5.421065902709960938e+01
5.756744766235351562e+01
5.899563980102539062e+01
6.160029983520507812e+01
6.156373596191406250e+01
6.250220489501953125e+01
6.209294128417968750e+01
6.081803512573242188e+01
6.012107086181640625e+01
5.969790267944335938e+01
5.527748489379882812e+01
5.517377471923828125e+01
5.497158050537109375e+01
5.540736007690429688e+01
5.355850219726562500e+01
5.081354904174804688e+01
5.117486953735351562e+01
5.073565292358398438e+01
5.252935028076171875e+01
5.159978103637695312e+01
5.281401824951171875e+01
5.060898590087890625e+01
4.990451431274414062e+01
5.002093124389648438e+01
5.102454376220703125e+01
5.237216567993164062e+01
5.278047561645507812e+01
5.184932708740234375e+01
5.298213195800781250e+01
5.063441848754882812e+01
5.277260589599609375e+01
5.305006790161132812e+01
5.376085662841796875e+01
5.226968383789062500e+01
5.284877395629882812e+01
5.339862060546875000e+01
5.764772415161132812e+01
5.558920288085937500e+01
5.268417739868164062e+01
5.064717864990234375e+01
5.189657592773437500e+01
5.209160614013671875e+01
5.211335754394531250e+01
5.544404983520507812e+01
5.470483779907226562e+01
5.177193450927734375e+01
5.077355194091796875e+01
5.252376174926757812e+01
5.364291381835937500e+01
5.324370574951171875e+01
5.235592651367187500e+01
5.240658569335937500e+01
5.347042465209960938e+01
5.173674392700195312e+01
5.158976364135742188e+01
5.124676513671875000e+01
5.259748840332031250e+01
5.387149810791015625e+01
5.403624343872070312e+01
5.525172424316406250e+01
5.350877761840820312e+01
5.246560287475585938e+01
5.239169311523437500e+01
5.373961639404296875e+01
5.427083206176757812e+01
5.507720947265625000e+01
5.373533248901367188e+01
5.247377777099609375e+01
5.411353302001953125e+01
5.409880828857421875e+01
5.380871582031250000e+01
5.436704635620117188e+01
5.330000686645507812e+01
5.423110580444335938e+01
5.460925674438476562e+01
5.406382369995117188e+01
5.403050613403320312e+01
5.229958724975585938e+01
5.107768630981445312e+01
5.122256469726562500e+01
5.088918685913085938e+01
5.318007278442382812e+01
5.385287475585937500e+01
5.336358642578125000e+01
5.528350448608398438e+01
5.525872421264648438e+01
5.517321014404296875e+01
5.343957519531250000e+01
5.176328277587890625e+01
5.234140014648437500e+01
5.311978149414062500e+01
5.290756607055664062e+01
5.227499389648437500e+01
5.328340148925781250e+01
5.354692840576171875e+01
5.381110000610351562e+01
5.322439193725585938e+01
5.387776565551757812e+01
5.430586624145507812e+01
5.430556106567382812e+01
5.422200393676757812e+01
5.510319137573242188e+01
5.539334869384765625e+01
5.344023132324218750e+01
5.270294570922851562e+01
5.344019699096679688e+01
5.335907363891601562e+01
5.416095733642578125e+01
5.515747070312500000e+01
5.428788375854492188e+01
5.219992828369140625e+01
5.486894226074218750e+01
5.676593399047851562e+01
5.519372558593750000e+01
5.244898605346679688e+01
5.448070144653320312e+01
5.479774093627929688e+01
5.792816162109375000e+01
5.840210342407226562e+01
5.512697982788085938e+01
5.608587646484375000e+01
5.675088500976562500e+01
5.694149017333984375e+01
5.546440505981445312e+01
5.638674545288085938e+01
5.666676330566406250e+01
5.647315216064453125e+01
5.555165100097656250e+01
5.650351333618164062e+01
5.524282836914062500e+01
5.490903472900390625e+01
5.461928558349609375e+01
5.560917663574218750e+01
5.406413650512695312e+01
5.285350036621093750e+01
4.930388641357421875e+01
4.700292587280273438e+01
4.659288024902343750e+01
4.799382019042968750e+01
5.209130096435546875e+01
5.475539398193359375e+01
5.654170227050781250e+01
5.899659729003906250e+01
5.756203079223632812e+01
5.736308670043945312e+01
5.694784545898437500e+01
5.977014541625976562e+01
5.854015731811523438e+01
5.758187866210937500e+01
5.789196014404296875e+01
5.776450347900390625e+01
5.727414703369140625e+01
5.864259719848632812e+01
6.197401809692382812e+01
6.123284149169921875e+01
6.054065704345703125e+01
5.999294662475585938e+01
5.923400878906250000e+01
5.802256011962890625e+01
6.141345977783203125e+01
5.983439254760742188e+01
5.868886566162109375e+01
5.935184097290039062e+01
6.015734863281250000e+01
5.891255950927734375e+01
5.846719741821289062e+01
5.720618057250976562e+01
5.911853027343750000e+01
6.011429977416992188e+01
8.361199188232421875e+01
1.487538452148437500e+02
2.124078826904296875e+02
2.579058227539062500e+02
2.962396240234375000e+02
2.855218200683593750e+02
2.182340240478515625e+02
1.601299285888671875e+02
1.186750183105468750e+02
7.883744812011718750e+01
7.392826843261718750e+01
1.686417541503906250e+02
3.530539550781250000e+02
4.332234191894531250e+02
3.274447631835937500e+02
1.836200256347656250e+02
1.149790649414062500e+02
8.262692260742187500e+01
6.359766769409179688e+01
6.305090713500976562e+01
6.251313781738281250e+01
6.335815811157226562e+01
6.427319335937500000e+01
6.265794754028320312e+01
6.137181091308593750e+01
6.264094161987304688e+01
7.306282806396484375e+01
9.097708892822265625e+01
8.455657196044921875e+01
6.466688537597656250e+01
6.348601150512695312e+01
7.397997283935546875e+01
7.729508209228515625e+01
6.515147399902343750e+01
6.134190750122070312e+01
6.196097564697265625e+01
6.288925933837890625e+01
6.242775344848632812e+01
6.255314254760742188e+01
6.390862274169921875e+01
6.498744964599609375e+01
6.317234039306640625e+01
6.282452392578125000e+01
6.209417724609375000e+01
6.478027343750000000e+01
6.612071228027343750e+01
6.572705841064453125e+01
6.287713241577148438e+01
6.162377166748046875e+01
6.184947967529296875e+01
6.392378234863281250e+01
6.572756958007812500e+01
6.761206817626953125e+01
6.709718322753906250e+01
6.628259277343750000e+01
6.676538085937500000e+01
6.654177093505859375e+01
6.433446502685546875e+01
6.559179687500000000e+01
6.703768920898437500e+01
6.719444274902343750e+01
6.550967407226562500e+01
6.291243362426757812e+01
6.421479797363281250e+01
6.868265533447265625e+01
1.161174316406250000e+02
2.345316925048828125e+02
4.606060485839843750e+02
6.274728393554687500e+02
5.001958923339843750e+02
2.354327850341796875e+02
8.202073669433593750e+01
6.585514068603515625e+01
6.598857879638671875e+01
6.697340393066406250e+01
6.680505371093750000e+01
6.930968475341796875e+01
7.037612915039062500e+01
6.730529022216796875e+01
6.259412765502929688e+01
9.128148651123046875e+01
2.076753692626953125e+02
3.190677185058593750e+02
2.928088073730468750e+02
1.782748107910156250e+02
9.826383972167968750e+01
6.901362609863281250e+01
6.690707397460937500e+01
6.208466339111328125e+01
6.254146575927734375e+01
6.672003173828125000e+01
6.571701049804687500e+01
6.497047424316406250e+01
6.555278015136718750e+01
6.831240081787109375e+01
6.738380432128906250e+01
6.587656402587890625e+01
6.716310119628906250e+01
6.670884704589843750e+01
6.477542114257812500e+01
6.588592529296875000e+01
8.188581848144531250e+01
1.188627166748046875e+02
1.217109832763671875e+02
8.886253356933593750e+01
6.778781127929687500e+01
6.725230407714843750e+01
6.787492370605468750e+01
6.822148895263671875e+01
6.743187713623046875e+01
6.574526214599609375e+01
6.579111480712890625e+01
6.386513137817382812e+01
6.569793701171875000e+01
7.115569305419921875e+01
1.316894989013671875e+02
1.824816894531250000e+02
1.589834594726562500e+02
9.644631195068359375e+01
6.953002166748046875e+01
6.864947509765625000e+01
6.913027954101562500e+01
6.937744140625000000e+01
6.878948974609375000e+01
6.811955261230468750e+01
6.562352752685546875e+01
6.624357604980468750e+01
6.856359863281250000e+01
7.048616027832031250e+01
7.197786712646484375e+01
7.096997070312500000e+01
6.722776031494140625e+01
6.822740936279296875e+01
6.880545806884765625e+01
6.792471313476562500e+01
6.505989837646484375e+01
1.576487731933593750e+02
4.245501708984375000e+02
6.636051025390625000e+02
5.877752685546875000e+02
2.958265991210937500e+02
1.009459075927734375e+02
6.869193267822265625e+01
6.868826293945312500e+01
6.919483947753906250e+01
6.857446289062500000e+01
6.832077026367187500e+01
6.921974182128906250e+01
6.989149475097656250e+01
6.914395141601562500e+01
6.765411376953125000e+01
6.707740783691406250e+01
6.783618927001953125e+01
6.624890136718750000e+01
7.029054260253906250e+01
6.924589538574218750e+01
6.998724365234375000e+01
6.788426971435546875e+01
6.927628326416015625e+01
1.176547164916992188e+02
2.201185302734375000e+02
2.689229125976562500e+02
2.076414794921875000e+02
1.119474334716796875e+02
7.288731384277343750e+01
7.314175415039062500e+01
7.244525909423828125e+01
7.179446411132812500e+01
7.093050384521484375e+01
6.933178710937500000e+01
6.943605804443359375e+01
6.974224090576171875e+01
7.017068481445312500e+01
6.941790771484375000e+01
7.022335815429687500e+01
7.008422851562500000e+01
7.052159881591796875e+01
6.947111511230468750e+01
6.607010650634765625e+01
1.329432220458984375e+02
3.869661865234375000e+02
6.960979614257812500e+02
7.143804931640625000e+02
4.195466613769531250e+02
1.595122985839843750e+02
7.253772735595703125e+01
7.092199707031250000e+01
7.197153472900390625e+01
7.307539367675781250e+01
7.277511596679687500e+01
7.189888763427734375e+01
7.161264038085937500e+01
7.351977539062500000e+01
7.268850708007812500e+01
7.025265502929687500e+01
7.001470184326171875e+01
6.881787109375000000e+01
7.041056060791015625e+01
7.209238433837890625e+01
7.364384460449218750e+01
7.395458984375000000e+01
7.237330627441406250e+01
7.303260803222656250e+01
7.084228515625000000e+01
7.034594726562500000e+01
6.946633911132812500e+01
7.084769439697265625e+01
7.156298065185546875e+01
7.200041961669921875e+01
6.844386291503906250e+01
7.109962463378906250e+01
1.226229629516601562e+02
2.089584655761718750e+02
2.378744049072265625e+02
1.734667205810546875e+02
9.384204101562500000e+01
5.890326309204101562e+01
5.108753204345703125e+01
5.082238006591796875e+01
5.054670715332031250e+01
5.292708587646484375e+01
5.444809722900390625e+01
5.841251373291015625e+01
5.807226562500000000e+01
5.584059906005859375e+01
5.590457534790039062e+01
5.582899856567382812e+01
5.594009017944335938e+01
5.813492584228515625e+01
9.218334197998046875e+01
2.205001220703125000e+02
3.952959899902343750e+02
4.245580139160156250e+02
2.775663757324218750e+02
1.246639633178710938e+02
6.296355819702148438e+01
5.158820724487304688e+01
5.279387283325195312e+01
5.732231140136718750e+01
6.312039184570312500e+01
6.824621582031250000e+01
6.266490936279296875e+01
5.423576736450195312e+01
5.195025634765625000e+01
4.983039855957031250e+01
5.122541046142578125e+01
5.364422607421875000e+01
5.344591140747070312e+01
5.440562820434570312e+01
5.414994812011718750e+01
5.269234466552734375e+01
4.915439987182617188e+01
4.888911437988281250e+01
4.819054031372070312e+01
5.023485565185546875e+01
5.063599395751953125e+01
5.153217697143554688e+01
5.038526916503906250e+01
5.044606018066406250e+01
4.813857269287109375e+01
4.728919601440429688e+01
4.800037002563476562e+01
4.873020172119140625e+01
5.146809005737304688e+01
5.282663345336914062e+01
5.236106491088867188e+01
5.234658813476562500e+01
5.527874755859375000e+01
5.778050994873046875e+01
6.417285919189453125e+01
9.933053588867187500e+01
1.530899963378906250e+02
1.703563385009765625e+02
1.297247772216796875e+02
8.005109405517578125e+01
5.748260498046875000e+01
5.194173431396484375e+01
5.015297698974609375e+01
5.011700439453125000e+01
4.775682449340820312e+01
4.718054962158203125e+01
5.076267242431640625e+01
5.018498229980468750e+01
5.107138442993164062e+01
5.070310211181640625e+01
5.348902511596679688e+01
7.740614318847656250e+01
1.656125030517578125e+02
2.856602478027343750e+02
3.247070922851562500e+02
2.232109069824218750e+02
1.123812866210937500e+02
6.302066421508789062e+01
5.326560592651367188e+01
5.213074874877929688e+01
5.167068099975585938e+01
5.228801345825195312e+01
5.092784881591796875e+01
5.076021575927734375e+01
5.013336944580078125e+01
4.834510040283203125e+01
4.880733489990234375e+01
4.931410217285156250e+01
4.686615371704101562e+01
4.941806030273437500e+01
5.304032135009765625e+01
6.177379989624023438e+01
6.157667160034179688e+01
6.162269592285156250e+01
5.821775054931640625e+01
5.314734649658203125e+01
5.238423919677734375e+01
5.153846359252929688e+01
5.614781188964843750e+01
5.703159332275390625e+01
5.677577209472656250e+01
5.975764846801757812e+01
5.974475097656250000e+01
5.397261428833007812e+01
5.516304016113281250e+01
5.739569854736328125e+01
5.438011169433593750e+01
5.458275985717773438e+01
5.834743881225585938e+01
5.868589401245117188e+01
6.298008728027343750e+01
6.423654937744140625e+01
6.570953369140625000e+01
6.133882141113281250e+01
5.715434265136718750e+01
5.612995147705078125e+01
5.947521591186523438e+01
6.203511810302734375e+01
6.024380874633789062e+01
6.016068649291992188e+01
6.640946197509765625e+01
8.151109313964843750e+01
1.177078552246093750e+02
1.273200225830078125e+02
1.016503829956054688e+02
7.635768127441406250e+01
6.210263442993164062e+01
6.313911437988281250e+01
5.779944610595703125e+01
5.705812072753906250e+01
6.163027572631835938e+01
6.296636199951171875e+01
5.551366806030273438e+01
6.090290451049804688e+01
