3.632834472656377784e+03
3.633872671659491971e+03
3.634910870662605703e+03
3.635949069665719890e+03
3.636987268668834076e+03
3.638025467671947808e+03
3.639063666675061540e+03
3.640101865678175727e+03
3.641140064681289914e+03
3.642178263684403646e+03
3.643216462687517833e+03
3.644254661690632020e+03
3.645292860693745752e+03
3.646331059696859938e+03
3.647369258699974125e+03
3.648407457703087857e+03
3.649445656706201589e+03
3.650483855709315776e+03
3.651522054712429963e+03
3.652560253715543695e+03
3.653598452718657882e+03
3.654636651721772068e+03
3.655674850724885800e+03
3.656713049727999532e+03
3.657751248731113719e+03
3.658789447734227906e+03
3.659827646737341638e+03
3.660865845740455825e+03
3.661904044743570012e+03
3.662942243746683744e+03
3.663980442749797930e+03
3.665018641752912117e+03
3.666056840756025849e+03
3.667095039759139581e+03
3.668133238762253768e+03
3.669171437765367955e+03
3.670209636768481687e+03
3.671247835771595874e+03
3.672286034774710060e+03
3.673324233777823792e+03
3.674362432780937979e+03
3.675400631784051711e+03
3.676438830787165898e+03
3.677477029790279630e+03
3.678515228793393817e+03
3.679553427796508004e+03
3.680591626799621736e+03
3.681629825802735922e+03
3.682668024805850109e+03
3.683706223808963841e+03
3.684744422812077573e+03
3.685782621815191760e+03
3.686820820818305947e+03
3.687859019821419679e+03
3.688897218824533866e+03
3.689935417827648052e+03
3.690973616830761785e+03
3.692011815833875971e+03
3.693050014836989703e+03
3.694088213840103890e+03
3.695126412843217622e+03
3.696164611846331809e+03
3.697202810849445996e+03
3.698241009852559728e+03
3.699279208855673915e+03
3.700317407858788101e+03
3.701355606861901833e+03
3.702393805865015565e+03
3.703432004868129752e+03
3.704470203871243939e+03
3.705508402874357671e+03
3.706546601877471858e+03
3.707584800880586045e+03
3.708622999883699777e+03
3.709661198886813963e+03
3.710699397889927695e+03
3.711737596893041882e+03
3.712775795896155614e+03
3.713813994899269801e+03
3.714852193902383988e+03
3.715890392905497720e+03
3.716928591908611907e+03
3.717966790911726093e+03
3.719004989914839825e+03
3.720043188917953557e+03
3.721081387921067744e+03
3.722119586924181931e+03
3.723157785927295663e+03
3.724195984930409850e+03
3.725234183933524037e+03
3.726272382936637769e+03
3.727310581939751955e+03
3.728348780942865687e+03
3.729386979945979874e+03
3.730425178949093606e+03
3.731463377952207793e+03
3.732501576955321980e+03
3.733539775958435712e+03
3.734577974961549899e+03
3.735616173964664085e+03
3.736654372967777817e+03
3.737692571970891549e+03
3.738730770974005736e+03
3.739768969977119923e+03
3.740807168980233655e+03
3.741845367983347842e+03
3.742883566986462029e+03
3.743921765989575761e+03
3.744959964992689947e+03
3.745998163995803679e+03
3.747036362998917866e+03
3.748074562002031598e+03
3.749112761005145785e+03
3.750150960008259972e+03
3.751189159011373704e+03
3.752227358014487891e+03
3.753265557017602077e+03
3.754303756020715809e+03
3.755341955023829996e+03
3.756380154026943728e+03
3.757418353030057915e+03
3.758456552033171647e+03
3.759494751036285834e+03
3.760532950039400021e+03
3.761571149042513753e+03
3.762609348045627939e+03
3.763647547048741671e+03
3.764685746051855858e+03
3.765723945054969590e+03
3.766762144058083777e+03
3.767800343061197964e+03
3.768838542064311696e+03
3.769876741067425883e+03
3.770914940070540069e+03
3.771953139073653801e+03
3.772991338076767988e+03
3.774029537079881720e+03
3.775067736082995907e+03
3.776105935086109639e+03
3.777144134089223826e+03
3.778182333092338013e+03
3.779220532095451745e+03
3.780258731098565931e+03
3.781296930101679663e+03
3.782335129104793850e+03
3.783373328107907582e+03
3.784411527111021769e+03
3.785449726114135956e+03
3.786487925117249688e+03
3.787526124120363875e+03
3.788564323123478061e+03
3.789602522126591793e+03
3.790640721129705980e+03
3.791678920132819712e+03
3.792717119135933899e+03
3.793755318139047631e+03
3.794793517142161818e+03
3.795831716145276005e+03
3.796869915148389737e+03
3.797908114151503923e+03
3.798946313154618110e+03
3.799984512157731842e+03
3.801022711160845574e+03
3.802060910163959761e+03
3.803099109167073948e+03
3.804137308170187680e+03
3.805175507173301867e+03
3.806213706176416053e+03
3.807251905179529786e+03
3.808290104182643972e+03
3.809328303185757704e+03
3.810366502188871891e+03
3.811404701191985623e+03
3.812442900195099810e+03
3.813481099198213997e+03
3.814519298201327729e+03
3.815557497204441916e+03
3.816595696207556102e+03
3.817633895210669834e+03
3.818672094213783566e+03
3.819710293216897753e+03
3.820748492220011940e+03
3.821786691223125672e+03
3.822824890226239859e+03
3.823863089229354046e+03
3.824901288232467778e+03
3.825939487235581964e+03
3.826977686238695696e+03
3.828015885241809883e+03
3.829054084244923615e+03
3.830092283248037802e+03
3.831130482251151989e+03
3.832168681254265721e+03
3.833206880257379908e+03
3.834245079260494094e+03
3.835283278263607826e+03
3.836321477266721558e+03
3.837359676269835745e+03
3.838397875272949932e+03
3.839436074276063664e+03
3.840474273279177851e+03
3.841512472282292038e+03
3.842550671285405770e+03
3.843588870288519956e+03
3.844627069291633688e+03
3.845665268294747875e+03
3.846703467297861607e+03
3.847741666300975794e+03
3.848779865304089981e+03
3.849818064307203713e+03
3.850856263310317900e+03
3.851894462313432086e+03
3.852932661316545818e+03
3.853970860319659550e+03
3.855009059322773737e+03
3.856047258325887924e+03
3.857085457329001656e+03
3.858123656332115843e+03
3.859161855335230030e+03
3.860200054338343762e+03
3.861238253341457948e+03
3.862276452344571680e+03
3.863314651347685867e+03
3.864352850350799599e+03
3.865391049353913786e+03
3.866429248357027973e+03
3.867467447360141705e+03
3.868505646363255892e+03
3.869543845366370078e+03
3.870582044369483810e+03
3.871620243372597997e+03
3.872658442375711729e+03
3.873696641378825916e+03
3.874734840381939648e+03
3.875773039385053835e+03
3.876811238388168022e+03
3.877849437391281754e+03
3.878887636394395940e+03
3.879925835397509672e+03
3.880964034400623859e+03
3.882002233403737591e+03
3.883040432406851778e+03
3.884078631409965965e+03
3.885116830413079697e+03
3.886155029416193884e+03
3.887193228419308070e+03
3.888231427422421802e+03
3.889269626425535989e+03
3.890307825428649721e+03
3.891346024431763908e+03
3.892384223434877640e+03
3.893422422437991827e+03
3.894460621441106014e+03
3.895498820444219746e+03
3.896537019447333932e+03
3.897575218450448119e+03
3.898613417453561851e+03
3.899651616456675583e+03
3.900689815459789770e+03
3.901728014462903957e+03
3.902766213466017689e+03
3.903804412469131876e+03
3.904842611472246062e+03
3.905880810475359795e+03
3.906919009478473981e+03
3.907957208481587713e+03
3.908995407484701900e+03
3.910033606487815632e+03
3.911071805490929819e+03
3.912110004494044006e+03
3.913148203497157738e+03
3.914186402500271925e+03
3.915224601503386111e+03
3.916262800506499843e+03
3.917300999509613575e+03
3.918339198512727762e+03
3.919377397515841949e+03
3.920415596518955681e+03
3.921453795522069868e+03
3.922491994525184055e+03
3.923530193528297787e+03
3.924568392531411973e+03
3.925606591534525705e+03
3.926644790537639892e+03
3.927682989540753624e+03
3.928721188543867811e+03
3.929759387546981998e+03
3.930797586550095730e+03
3.931835785553209917e+03
3.932873984556324103e+03
3.933912183559437835e+03
3.934950382562551567e+03
3.935988581565665754e+03
3.937026780568779941e+03
3.938064979571893673e+03
3.939103178575007860e+03
3.940141377578122047e+03
3.941179576581235779e+03
3.942217775584349965e+03
3.943255974587463697e+03
3.944294173590577884e+03
3.945332372593691616e+03
3.946370571596805803e+03
3.947408770599919990e+03
3.948446969603033722e+03
3.949485168606147909e+03
3.950523367609262095e+03
3.951561566612375827e+03
3.952599765615489559e+03
3.953637964618603746e+03
3.954676163621717933e+03
3.955714362624831665e+03
3.956752561627945852e+03
3.957790760631060039e+03
3.958828959634173771e+03
3.959867158637287957e+03
3.960905357640401689e+03
3.961943556643515876e+03
3.962981755646629608e+03
3.964019954649743795e+03
3.965058153652857982e+03
3.966096352655971714e+03
3.967134551659085901e+03
3.968172750662200087e+03
3.969210949665313819e+03
3.970249148668428006e+03
3.971287347671541738e+03
3.972325546674655925e+03
3.973363745677769657e+03
3.974401944680883844e+03
3.975440143683998031e+03
3.976478342687111763e+03
3.977516541690225949e+03
3.978554740693339681e+03
3.979592939696453868e+03
3.980631138699567600e+03
3.981669337702681787e+03
3.982707536705795974e+03
3.983745735708909706e+03
3.984783934712023893e+03
3.985822133715138079e+03
3.986860332718251811e+03
3.987898531721365998e+03
3.988936730724479730e+03
3.989974929727593917e+03
3.991013128730707649e+03
3.992051327733821836e+03
3.993089526736936023e+03
3.994127725740049755e+03
3.995165924743163941e+03
3.996204123746277673e+03
3.997242322749391860e+03
3.998280521752505592e+03
3.999318720755619779e+03
4.000356919758733966e+03
4.001395118761847698e+03
4.002433317764961885e+03
4.003471516768076071e+03
4.004509715771189803e+03
4.005547914774303990e+03
4.006586113777417722e+03
4.007624312780531909e+03
4.008662511783645641e+03
4.009700710786759828e+03
4.010738909789874015e+03
4.011777108792987747e+03
4.012815307796101933e+03
4.013853506799216120e+03
4.014891705802329852e+03
4.015929904805443584e+03
4.016968103808557771e+03
4.018006302811671958e+03
4.019044501814785690e+03
4.020082700817899877e+03
4.021120899821014063e+03
4.022159098824127796e+03
4.023197297827241982e+03
4.024235496830355714e+03
4.025273695833469901e+03
4.026311894836583633e+03
4.027350093839697820e+03
4.028388292842812007e+03
4.029426491845925739e+03
4.030464690849039926e+03
4.031502889852154112e+03
4.032541088855267844e+03
4.033579287858381576e+03
4.034617486861495763e+03
4.035655685864609950e+03
4.036693884867723682e+03
4.037732083870837869e+03
4.038770282873952056e+03
4.039808481877065788e+03
4.040846680880179974e+03
4.041884879883293706e+03
4.042923078886407893e+03
4.043961277889521625e+03
4.044999476892635812e+03
4.046037675895749999e+03
4.047075874898863731e+03
4.048114073901977918e+03
4.049152272905092104e+03
4.050190471908205836e+03
4.051228670911319568e+03
4.052266869914433755e+03
4.053305068917547942e+03
4.054343267920661674e+03
4.055381466923775861e+03
4.056419665926890048e+03
4.057457864930003780e+03
4.058496063933117966e+03
4.059534262936231698e+03
4.060572461939345885e+03
4.061610660942459617e+03
4.062648859945573804e+03
4.063687058948687991e+03
4.064725257951801723e+03
4.065763456954915910e+03
4.066801655958030096e+03
4.067839854961143828e+03
4.068878053964257560e+03
4.069916252967371747e+03
4.070954451970485934e+03
4.071992650973599666e+03
4.073030849976713853e+03
4.074069048979828040e+03
4.075107247982941772e+03
4.076145446986055958e+03
4.077183645989169690e+03
4.078221844992283877e+03
4.079260043995397609e+03
4.080298242998511796e+03
4.081336442001625983e+03
4.082374641004739715e+03
4.083412840007853902e+03
4.084451039010968088e+03
4.085489238014081820e+03
4.086527437017196007e+03
4.087565636020309739e+03
4.088603835023423926e+03
4.089642034026537658e+03
4.090680233029651845e+03
4.091718432032766032e+03
4.092756631035879764e+03
4.093794830038993950e+03
4.094833029042107682e+03
4.095871228045221869e+03
4.096909427048335601e+03
4.097947626051449333e+03
4.098985825054563975e+03
4.100024024057677707e+03
4.101062223060791439e+03
4.102100422063906080e+03
4.103138621067019812e+03
4.104176820070133545e+03
4.105215019073248186e+03
4.106253218076361918e+03
4.107291417079475650e+03
4.108329616082590292e+03
4.109367815085704024e+03
4.110406014088817756e+03
4.111444213091931488e+03
4.112482412095046129e+03
4.113520611098159861e+03
4.114558810101273593e+03
4.115597009104388235e+03
4.116635208107501967e+03
4.117673407110615699e+03
4.118711606113729431e+03
4.119749805116844072e+03
4.120788004119957805e+03
4.121826203123071537e+03
4.122864402126186178e+03
4.123902601129299910e+03
4.124940800132413642e+03
4.125978999135528284e+03
4.127017198138642016e+03
4.128055397141755748e+03
4.129093596144869480e+03
4.130131795147984121e+03
4.131169994151097853e+03
4.132208193154211585e+03
4.133246392157326227e+03
4.134284591160439959e+03
4.135322790163553691e+03
4.136360989166667423e+03
4.137399188169782065e+03
4.138437387172895797e+03
4.139475586176009529e+03
4.140513785179124170e+03
4.141551984182237902e+03
4.142590183185351634e+03
4.143628382188466276e+03
4.144666581191580008e+03
4.145704780194693740e+03
4.146742979197807472e+03
4.147781178200922113e+03
4.148819377204035845e+03
4.149857576207149577e+03
4.150895775210264219e+03
4.151933974213377951e+03
4.152972173216491683e+03
4.154010372219605415e+03
4.155048571222720057e+03
4.156086770225833789e+03
4.157124969228947521e+03
4.158163168232062162e+03
4.159201367235175894e+03
4.160239566238289626e+03
4.161277765241404268e+03
4.162315964244518000e+03
4.163354163247631732e+03
4.164392362250745464e+03
4.165430561253860105e+03
4.166468760256973837e+03
4.167506959260087569e+03
4.168545158263202211e+03
4.169583357266315943e+03
4.170621556269429675e+03
4.171659755272543407e+03
4.172697954275658049e+03
4.173736153278771781e+03
4.174774352281885513e+03
4.175812551285000154e+03
4.176850750288113886e+03
4.177888949291227618e+03
4.178927148294342260e+03
4.179965347297455992e+03
4.181003546300569724e+03
4.182041745303683456e+03
4.183079944306798097e+03
4.184118143309911829e+03
4.185156342313025561e+03
4.186194541316140203e+03
4.187232740319253935e+03
4.188270939322367667e+03
4.189309138325481399e+03
4.190347337328596041e+03
4.191385536331709773e+03
4.192423735334823505e+03
4.193461934337938146e+03
4.194500133341051878e+03
4.195538332344165610e+03
4.196576531347280252e+03
4.197614730350393984e+03
4.198652929353507716e+03
4.199691128356621448e+03
4.200729327359736089e+03
4.201767526362849821e+03
4.202805725365963553e+03
4.203843924369078195e+03
4.204882123372191927e+03
4.205920322375305659e+03
4.206958521378419391e+03
4.207996720381534033e+03
4.209034919384647765e+03
4.210073118387761497e+03
4.211111317390876138e+03
4.212149516393989870e+03
4.213187715397103602e+03
4.214225914400218244e+03
4.215264113403331976e+03
4.216302312406445708e+03
4.217340511409559440e+03
4.218378710412674081e+03
4.219416909415787813e+03
4.220455108418901546e+03
4.221493307422016187e+03
4.222531506425129919e+03
4.223569705428243651e+03
4.224607904431357383e+03
4.225646103434472025e+03
4.226684302437585757e+03
4.227722501440699489e+03
4.228760700443814130e+03
4.229798899446927862e+03
4.230837098450041594e+03
4.231875297453156236e+03
4.232913496456269968e+03
4.233951695459383700e+03
4.234989894462497432e+03
4.236028093465612073e+03
4.237066292468725806e+03
4.238104491471839538e+03
4.239142690474954179e+03
4.240180889478067911e+03
4.241219088481181643e+03
4.242257287484295375e+03
4.243295486487410017e+03
4.244333685490523749e+03
4.245371884493637481e+03
4.246410083496752122e+03
4.247448282499865854e+03
4.248486481502979586e+03
4.249524680506094228e+03
4.250562879509207960e+03
4.251601078512321692e+03
4.252639277515435424e+03
4.253677476518550066e+03
4.254715675521663798e+03
4.255753874524777530e+03
4.256792073527892171e+03
4.257830272531005903e+03
4.258868471534119635e+03
4.259906670537233367e+03
4.260944869540348009e+03
4.261983068543461741e+03
4.263021267546575473e+03
4.264059466549690114e+03
4.265097665552803846e+03
4.266135864555917578e+03
4.267174063559032220e+03
4.268212262562145952e+03
4.269250461565259684e+03
4.270288660568374326e+03
4.271326859571488058e+03
4.272365058574601790e+03
4.273403257577715522e+03
4.274441456580830163e+03
4.275479655583943895e+03
4.276517854587057627e+03
4.277556053590172269e+03
4.278594252593286001e+03
4.279632451596399733e+03
4.280670650599513465e+03
4.281708849602628106e+03
4.282747048605741838e+03
4.283785247608855570e+03
4.284823446611970212e+03
4.285861645615083944e+03
4.286899844618197676e+03
4.287938043621312318e+03
4.288976242624426050e+03
4.290014441627539782e+03
4.291052640630653514e+03
4.292090839633768155e+03
4.293129038636881887e+03
4.294167237639995619e+03
4.295205436643110261e+03
4.296243635646223993e+03
4.297281834649337725e+03
4.298320033652451457e+03
4.299358232655566098e+03
4.300396431658679830e+03
4.301434630661793562e+03
4.302472829664908204e+03
4.303511028668021936e+03
4.304549227671135668e+03
4.305587426674250310e+03
4.306625625677364042e+03
4.307663824680477774e+03
4.308702023683591506e+03
4.309740222686706147e+03
4.310778421689819879e+03
4.311816620692933611e+03
4.312854819696048253e+03
4.313893018699161985e+03
4.314931217702275717e+03
4.315969416705389449e+03
4.317007615708504090e+03
4.318045814711617822e+03
4.319084013714731555e+03
4.320122212717846196e+03
4.321160411720959928e+03
4.322198610724073660e+03
4.323236809727188302e+03
4.324275008730302034e+03
4.325313207733415766e+03
4.326351406736529498e+03
4.327389605739644139e+03
4.328427804742757871e+03
4.329466003745871603e+03
4.330504202748986245e+03
4.331542401752099977e+03
4.332580600755213709e+03
4.333618799758327441e+03
4.334656998761442082e+03
4.335695197764555815e+03
4.336733396767669547e+03
4.337771595770784188e+03
4.338809794773897920e+03
4.339847993777011652e+03
4.340886192780126294e+03
4.341924391783240026e+03
4.342962590786353758e+03
4.344000789789467490e+03
4.345038988792582131e+03
4.346077187795695863e+03
4.347115386798809595e+03
4.348153585801924237e+03
4.349191784805037969e+03
4.350229983808151701e+03
4.351268182811265433e+03
4.352306381814380075e+03
4.353344580817493807e+03
4.354382779820607539e+03
4.355420978823722180e+03
4.356459177826835912e+03
4.357497376829949644e+03
4.358535575833064286e+03
4.359573774836178018e+03
4.360611973839291750e+03
4.361650172842405482e+03
4.362688371845520123e+03
4.363726570848633855e+03
4.364764769851747587e+03
4.365802968854862229e+03
4.366841167857975961e+03
4.367879366861089693e+03
4.368917565864203425e+03
4.369955764867318067e+03
4.370993963870431799e+03
4.372032162873545531e+03
4.373070361876660172e+03
4.374108560879773904e+03
4.375146759882887636e+03
4.376184958886002278e+03
4.377223157889116010e+03
4.378261356892229742e+03
4.379299555895343474e+03
4.380337754898458115e+03
4.381375953901571847e+03
4.382414152904685579e+03
4.383452351907800221e+03
4.384490550910913953e+03
4.385528749914027685e+03
4.386566948917141417e+03
4.387605147920256059e+03
4.388643346923369791e+03
4.389681545926483523e+03
4.390719744929598164e+03
4.391757943932711896e+03
4.392796142935825628e+03
4.393834341938940270e+03
4.394872540942054002e+03
4.395910739945167734e+03
4.396948938948281466e+03
4.397987137951396107e+03
4.399025336954509839e+03
4.400063535957623571e+03
4.401101734960738213e+03
4.402139933963851945e+03
4.403178132966965677e+03
4.404216331970079409e+03
4.405254530973194051e+03
4.406292729976307783e+03
4.407330928979421515e+03
4.408369127982536156e+03
4.409407326985649888e+03
4.410445525988763620e+03
4.411483724991878262e+03
4.412521923994991994e+03
4.413560122998105726e+03
4.414598322001219458e+03
4.415636521004334099e+03
4.416674720007447831e+03
4.417712919010561563e+03
4.418751118013676205e+03
4.419789317016789937e+03
4.420827516019903669e+03
4.421865715023017401e+03
4.422903914026132043e+03
4.423942113029245775e+03
4.424980312032359507e+03
4.426018511035474148e+03
4.427056710038587880e+03
4.428094909041701612e+03
4.429133108044816254e+03
4.430171307047929986e+03
4.431209506051043718e+03
4.432247705054157450e+03
4.433285904057272091e+03
4.434324103060385823e+03
4.435362302063499556e+03
4.436400501066614197e+03
4.437438700069727929e+03
4.438476899072841661e+03
4.439515098075955393e+03
4.440553297079070035e+03
4.441591496082183767e+03
4.442629695085297499e+03
4.443667894088412140e+03
4.444706093091525872e+03
4.445744292094639604e+03
4.446782491097754246e+03
4.447820690100867978e+03
4.448858889103981710e+03
4.449897088107095442e+03
4.450935287110210083e+03
4.451973486113323816e+03
4.453011685116437548e+03
4.454049884119552189e+03
4.455088083122665921e+03
4.456126282125779653e+03
4.457164481128894295e+03
4.458202680132008027e+03
4.459240879135121759e+03
4.460279078138235491e+03
4.461317277141350132e+03
4.462355476144463864e+03
4.463393675147577596e+03
4.464431874150692238e+03
4.465470073153805970e+03
4.466508272156919702e+03
4.467546471160033434e+03
4.468584670163148076e+03
4.469622869166261808e+03
4.470661068169375540e+03
4.471699267172490181e+03
4.472737466175603913e+03
4.473775665178717645e+03
4.474813864181832287e+03
4.475852063184946019e+03
4.476890262188059751e+03
4.477928461191173483e+03
4.478966660194288124e+03
4.480004859197401856e+03
4.481043058200515588e+03
4.482081257203630230e+03
4.483119456206743962e+03
4.484157655209857694e+03
4.485195854212971426e+03
4.486234053216086068e+03
4.487272252219199800e+03
4.488310451222313532e+03
4.489348650225428173e+03
4.490386849228541905e+03
4.491425048231655637e+03
4.492463247234770279e+03
4.493501446237884011e+03
4.494539645240997743e+03
4.495577844244111475e+03
4.496616043247226116e+03
4.497654242250339848e+03
4.498692441253453580e+03
4.499730640256568222e+03
4.500768839259681954e+03
4.501807038262795686e+03
4.502845237265910328e+03
4.503883436269024060e+03
4.504921635272137792e+03
4.505959834275251524e+03
4.506998033278366165e+03
4.508036232281479897e+03
4.509074431284593629e+03
4.510112630287708271e+03
4.511150829290822003e+03
4.512189028293935735e+03
4.513227227297049467e+03
4.514265426300164108e+03
4.515303625303277840e+03
4.516341824306391572e+03
4.517380023309506214e+03
4.518418222312619946e+03
4.519456421315733678e+03
4.520494620318848320e+03
4.521532819321962052e+03
4.522571018325075784e+03
4.523609217328189516e+03
4.524647416331304157e+03
4.525685615334417889e+03
4.526723814337531621e+03
4.527762013340646263e+03
4.528800212343759995e+03
4.529838411346873727e+03
4.530876610349987459e+03
4.531914809353102100e+03
4.532953008356215832e+03
4.533991207359329564e+03
4.535029406362444206e+03
4.536067605365557938e+03
4.537105804368671670e+03
4.538144003371786312e+03
4.539182202374900044e+03
4.540220401378013776e+03
4.541258600381127508e+03
4.542296799384242149e+03
4.543334998387355881e+03
4.544373197390469613e+03
4.545411396393584255e+03
4.546449595396697987e+03
4.547487794399811719e+03
4.548525993402925451e+03
4.549564192406040092e+03
4.550602391409153824e+03
4.551640590412267557e+03
4.552678789415382198e+03
4.553716988418495930e+03
4.554755187421609662e+03
4.555793386424724304e+03
4.556831585427838036e+03
4.557869784430951768e+03
4.558907983434065500e+03
4.559946182437180141e+03
4.560984381440293873e+03
4.562022580443407605e+03
4.563060779446522247e+03
4.564098978449635979e+03
4.565137177452749711e+03
4.566175376455863443e+03
4.567213575458978084e+03
4.568251774462091817e+03
4.569289973465205549e+03
4.570328172468320190e+03
4.571366371471433922e+03
4.572404570474547654e+03
4.573442769477662296e+03
4.574480968480776028e+03
4.575519167483889760e+03
4.576557366487003492e+03
4.577595565490118133e+03
4.578633764493231865e+03
4.579671963496345597e+03
4.580710162499460239e+03
4.581748361502573971e+03
4.582786560505687703e+03
4.583824759508801435e+03
4.584862958511916077e+03
4.585901157515029809e+03
4.586939356518143541e+03
4.587977555521258182e+03
4.589015754524371914e+03
4.590053953527485646e+03
4.591092152530600288e+03
4.592130351533714020e+03
4.593168550536827752e+03
4.594206749539941484e+03
4.595244948543056125e+03
4.596283147546169857e+03
4.597321346549283589e+03
4.598359545552398231e+03
4.599397744555511963e+03
4.600435943558625695e+03
4.601474142561739427e+03
4.602512341564854069e+03
4.603550540567967801e+03
4.604588739571081533e+03
4.605626938574196174e+03
4.606665137577309906e+03
4.607703336580423638e+03
4.608741535583538280e+03
4.609779734586652012e+03
4.610817933589765744e+03
4.611856132592879476e+03
4.612894331595994117e+03
4.613932530599107849e+03
4.614970729602221581e+03
4.616008928605336223e+03
4.617047127608449955e+03
4.618085326611563687e+03
4.619123525614677419e+03
4.620161724617792061e+03
4.621199923620905793e+03
4.622238122624019525e+03
4.623276321627134166e+03
4.624314520630247898e+03
4.625352719633361630e+03
4.626390918636476272e+03
4.627429117639590004e+03
4.628467316642703736e+03
4.629505515645817468e+03
4.630543714648932109e+03
4.631581913652045841e+03
4.632620112655159573e+03
4.633658311658274215e+03
4.634696510661387947e+03
4.635734709664501679e+03
4.636772908667615411e+03
4.637811107670730053e+03
4.638849306673843785e+03
4.639887505676957517e+03
4.640925704680072158e+03
4.641963903683185890e+03
4.643002102686299622e+03
4.644040301689414264e+03
4.645078500692527996e+03
4.646116699695641728e+03
4.647154898698755460e+03
4.648193097701870101e+03
4.649231296704983833e+03
4.650269495708097566e+03
4.651307694711212207e+03
4.652345893714325939e+03
4.653384092717439671e+03
4.654422291720554313e+03
4.655460490723668045e+03
4.656498689726781777e+03
4.657536888729895509e+03
4.658575087733010150e+03
4.659613286736123882e+03
4.660651485739237614e+03
4.661689684742352256e+03
4.662727883745465988e+03
4.663766082748579720e+03
4.664804281751693452e+03
4.665842480754808093e+03
4.666880679757921826e+03
4.667918878761035558e+03
4.668957077764150199e+03
4.669995276767263931e+03
4.671033475770377663e+03
4.672071674773492305e+03
4.673109873776606037e+03
4.674148072779719769e+03
4.675186271782833501e+03
4.676224470785948142e+03
4.677262669789061874e+03
4.678300868792175606e+03
4.679339067795290248e+03
4.680377266798403980e+03
4.681415465801517712e+03
4.682453664804631444e+03
4.683491863807746086e+03
4.684530062810859818e+03
4.685568261813973550e+03
4.686606460817088191e+03
4.687644659820201923e+03
4.688682858823315655e+03
4.689721057826430297e+03
4.690759256829544029e+03
4.691797455832657761e+03
4.692835654835771493e+03
4.693873853838886134e+03
4.694912052841999866e+03
4.695950251845113598e+03
4.696988450848228240e+03
4.698026649851341972e+03
4.699064848854455704e+03
4.700103047857569436e+03
4.701141246860684078e+03
4.702179445863797810e+03
4.703217644866911542e+03
4.704255843870026183e+03
4.705294042873139915e+03
4.706332241876253647e+03
4.707370440879368289e+03
4.708408639882482021e+03
4.709446838885595753e+03
4.710485037888709485e+03
4.711523236891824126e+03
4.712561435894937858e+03
4.713599634898051590e+03
4.714637833901166232e+03
4.715676032904279964e+03
4.716714231907393696e+03
4.717752430910507428e+03
4.718790629913622070e+03
4.719828828916735802e+03
4.720867027919849534e+03
4.721905226922964175e+03
4.722943425926077907e+03
4.723981624929191639e+03
4.725019823932306281e+03
4.726058022935420013e+03
4.727096221938533745e+03
4.728134420941647477e+03
4.729172619944762118e+03
4.730210818947875850e+03
4.731249017950989582e+03
4.732287216954104224e+03
4.733325415957217956e+03
4.734363614960331688e+03
4.735401813963445420e+03
4.736440012966560062e+03
4.737478211969673794e+03
4.738516410972787526e+03
4.739554609975902167e+03
4.740592808979015899e+03
4.741631007982129631e+03
4.742669206985244273e+03
4.743707405988358005e+03
4.744745604991471737e+03
4.745783803994585469e+03
4.746822002997700110e+03
4.747860202000813842e+03
4.748898401003927574e+03
4.749936600007042216e+03
4.750974799010155948e+03
4.752012998013269680e+03
4.753051197016384322e+03
4.754089396019498054e+03
4.755127595022611786e+03
4.756165794025725518e+03
4.757203993028840159e+03
4.758242192031953891e+03
4.759280391035067623e+03
4.760318590038182265e+03
4.761356789041295997e+03
4.762394988044409729e+03
4.763433187047523461e+03
4.764471386050638102e+03
4.765509585053751834e+03
4.766547784056865567e+03
4.767585983059980208e+03
4.768624182063093940e+03
4.769662381066207672e+03
4.770700580069322314e+03
4.771738779072436046e+03
4.772776978075549778e+03
4.773815177078663510e+03
4.774853376081778151e+03
4.775891575084891883e+03
4.776929774088005615e+03
4.777967973091120257e+03
4.779006172094233989e+03
4.780044371097347721e+03
4.781082570100461453e+03
4.782120769103576094e+03
4.783158968106689827e+03
4.784197167109803559e+03
4.785235366112918200e+03
4.786273565116031932e+03
4.787311764119145664e+03
4.788349963122260306e+03
4.789388162125374038e+03
4.790426361128487770e+03
4.791464560131601502e+03
4.792502759134716143e+03
4.793540958137829875e+03
4.794579157140943607e+03
4.795617356144058249e+03
4.796655555147171981e+03
4.797693754150285713e+03
4.798731953153399445e+03
4.799770152156514087e+03
4.800808351159627819e+03
4.801846550162741551e+03
4.802884749165856192e+03
4.803922948168969924e+03
4.804961147172083656e+03
4.805999346175198298e+03
4.807037545178312030e+03
4.808075744181425762e+03
4.809113943184539494e+03
4.810152142187654135e+03
4.811190341190767867e+03
4.812228540193881599e+03
4.813266739196996241e+03
4.814304938200109973e+03
4.815343137203223705e+03
4.816381336206337437e+03
4.817419535209452079e+03
4.818457734212565811e+03
4.819495933215679543e+03
4.820534132218794184e+03
4.821572331221907916e+03
4.822610530225021648e+03
4.823648729228136290e+03
4.824686928231250022e+03
4.825725127234363754e+03
4.826763326237477486e+03
4.827801525240592127e+03
4.828839724243705859e+03
4.829877923246819591e+03
4.830916122249934233e+03
4.831954321253047965e+03
4.832992520256161697e+03
4.834030719259275429e+03
4.835068918262390071e+03
4.836107117265503803e+03
4.837145316268617535e+03
4.838183515271732176e+03
4.839221714274845908e+03
4.840259913277959640e+03
4.841298112281074282e+03
4.842336311284188014e+03
4.843374510287301746e+03
4.844412709290415478e+03
4.845450908293530119e+03
4.846489107296643851e+03
4.847527306299757583e+03
4.848565505302872225e+03
4.849603704305985957e+03
4.850641903309099689e+03
4.851680102312213421e+03
4.852718301315328063e+03
4.853756500318441795e+03
4.854794699321555527e+03
4.855832898324670168e+03
4.856871097327783900e+03
4.857909296330897632e+03
4.858947495334012274e+03
4.859985694337126006e+03
4.861023893340239738e+03
4.862062092343353470e+03
4.863100291346468111e+03
4.864138490349581843e+03
4.865176689352695576e+03
4.866214888355810217e+03
4.867253087358923949e+03
4.868291286362037681e+03
4.869329485365151413e+03
4.870367684368266055e+03
4.871405883371379787e+03
4.872444082374493519e+03
4.873482281377608160e+03
4.874520480380721892e+03
4.875558679383835624e+03
4.876596878386950266e+03
4.877635077390063998e+03
4.878673276393177730e+03
4.879711475396291462e+03
4.880749674399406103e+03
4.881787873402519836e+03
4.882826072405633568e+03
4.883864271408748209e+03
4.884902470411861941e+03
4.885940669414975673e+03
4.886978868418089405e+03
4.888017067421204047e+03
4.889055266424317779e+03
4.890093465427431511e+03
4.891131664430546152e+03
4.892169863433659884e+03
4.893208062436773616e+03
4.894246261439888258e+03
4.895284460443001990e+03
4.896322659446115722e+03
4.897360858449229454e+03
4.898399057452344096e+03
4.899437256455457828e+03
4.900475455458571560e+03
4.901513654461686201e+03
4.902551853464799933e+03
4.903590052467913665e+03
4.904628251471028307e+03
4.905666450474142039e+03
4.906704649477255771e+03
4.907742848480369503e+03
4.908781047483484144e+03
4.909819246486597876e+03
4.910857445489711608e+03
4.911895644492826250e+03
4.912933843495939982e+03
4.913972042499053714e+03
4.915010241502167446e+03
4.916048440505282088e+03
4.917086639508395820e+03
4.918124838511509552e+03
4.919163037514624193e+03
4.920201236517737925e+03
4.921239435520851657e+03
4.922277634523966299e+03
4.923315833527080031e+03
4.924354032530193763e+03
4.925392231533307495e+03
4.926430430536422136e+03
4.927468629539535868e+03
4.928506828542649600e+03
4.929545027545764242e+03
4.930583226548877974e+03
4.931621425551991706e+03
4.932659624555105438e+03
4.933697823558220080e+03
4.934736022561333812e+03
4.935774221564447544e+03
4.936812420567562185e+03
4.937850619570675917e+03
4.938888818573789649e+03
4.939927017576904291e+03
4.940965216580018023e+03
4.942003415583131755e+03
4.943041614586245487e+03
4.944079813589360128e+03
4.945118012592473860e+03
4.946156211595587592e+03
4.947194410598702234e+03
4.948232609601815966e+03
4.949270808604929698e+03
4.950309007608044340e+03
4.951347206611158072e+03
4.952385405614271804e+03
4.953423604617385536e+03
4.954461803620500177e+03
4.955500002623613909e+03
4.956538201626727641e+03
4.957576400629842283e+03
4.958614599632956015e+03
4.959652798636069747e+03
4.960690997639183479e+03
4.961729196642298120e+03
4.962767395645411852e+03
4.963805594648525584e+03
4.964843793651640226e+03
4.965881992654753958e+03
4.966920191657867690e+03
4.967958390660982332e+03
4.968996589664096064e+03
4.970034788667209796e+03
4.971072987670323528e+03
4.972111186673438169e+03
4.973149385676551901e+03
4.974187584679665633e+03
4.975225783682780275e+03
4.976263982685894007e+03
4.977302181689007739e+03
4.978340380692121471e+03
4.979378579695236112e+03
4.980416778698349844e+03
4.981454977701463577e+03
4.982493176704578218e+03
4.983531375707691950e+03
4.984569574710805682e+03
4.985607773713920324e+03
4.986645972717034056e+03
4.987684171720147788e+03
4.988722370723261520e+03
4.989760569726376161e+03
4.990798768729489893e+03
4.991836967732603625e+03
4.992875166735718267e+03
4.993913365738831999e+03
4.994951564741945731e+03
4.995989763745059463e+03
4.997027962748174104e+03
4.998066161751287837e+03
4.999104360754401569e+03
5.000142559757516210e+03
5.001180758760629942e+03
5.002218957763743674e+03
5.003257156766858316e+03
5.004295355769972048e+03
5.005333554773085780e+03
5.006371753776199512e+03
5.007409952779314153e+03
5.008448151782427885e+03
5.009486350785541617e+03
5.010524549788656259e+03
5.011562748791769991e+03
5.012600947794883723e+03
5.013639146797997455e+03
5.014677345801112097e+03
5.015715544804225829e+03
5.016753743807339561e+03
5.017791942810454202e+03
5.018830141813567934e+03
5.019868340816681666e+03
5.020906539819796308e+03
5.021944738822910040e+03
5.022982937826023772e+03
5.024021136829137504e+03
5.025059335832252145e+03
5.026097534835365877e+03
5.027135733838479609e+03
5.028173932841594251e+03
5.029212131844707983e+03
5.030250330847821715e+03
5.031288529850935447e+03
5.032326728854050089e+03
5.033364927857163821e+03
5.034403126860277553e+03
5.035441325863392194e+03
5.036479524866505926e+03
5.037517723869619658e+03
5.038555922872734300e+03
5.039594121875848032e+03
5.040632320878961764e+03
5.041670519882075496e+03
5.042708718885190137e+03
5.043746917888303869e+03
5.044785116891417601e+03
5.045823315894532243e+03
5.046861514897645975e+03
5.047899713900759707e+03
5.048937912903873439e+03
5.049976111906988081e+03
5.051014310910101813e+03
5.052052509913215545e+03
5.053090708916330186e+03
5.054128907919443918e+03
5.055167106922557650e+03
5.056205305925672292e+03
5.057243504928786024e+03
5.058281703931899756e+03
5.059319902935013488e+03
5.060358101938128129e+03
5.061396300941241861e+03
5.062434499944355593e+03
5.063472698947470235e+03
5.064510897950583967e+03
5.065549096953697699e+03
5.066587295956811431e+03
5.067625494959926073e+03
5.068663693963039805e+03
5.069701892966153537e+03
5.070740091969268178e+03
5.071778290972381910e+03
5.072816489975495642e+03
5.073854688978610284e+03
5.074892887981724016e+03
5.075931086984837748e+03
5.076969285987951480e+03
5.078007484991066121e+03
5.079045683994179853e+03
5.080083882997293586e+03
5.081122082000408227e+03
5.082160281003521959e+03
5.083198480006635691e+03
5.084236679009749423e+03
5.085274878012864065e+03
5.086313077015977797e+03
5.087351276019091529e+03
5.088389475022206170e+03
5.089427674025319902e+03
5.090465873028433634e+03
5.091504072031548276e+03
5.092542271034662008e+03
5.093580470037775740e+03
5.094618669040889472e+03
5.095656868044004113e+03
5.096695067047117846e+03
5.097733266050231578e+03
5.098771465053346219e+03
5.099809664056459951e+03
5.100847863059573683e+03
5.101886062062687415e+03
5.102924261065802057e+03
5.103962460068915789e+03
5.105000659072029521e+03
5.106038858075144162e+03
5.107077057078257894e+03
5.108115256081371626e+03
5.109153455084486268e+03
5.110191654087600000e+03
5.111229853090713732e+03
5.112268052093827464e+03
5.113306251096942106e+03
5.114344450100055838e+03
5.115382649103169570e+03
5.116420848106284211e+03
5.117459047109397943e+03
5.118497246112511675e+03
5.119535445115625407e+03
5.120573644118740049e+03
5.121611843121853781e+03
5.122650042124967513e+03
5.123688241128082154e+03
5.124726440131195886e+03
5.125764639134309618e+03
5.126802838137424260e+03
5.127841037140537992e+03
5.128879236143651724e+03
5.129917435146766366e+03
5.130955634149880098e+03
5.131993833152993830e+03
5.133032032156107562e+03
5.134070231159222203e+03
5.135108430162335935e+03
5.136146629165449667e+03
5.137184828168564309e+03
5.138223027171678041e+03
5.139261226174791773e+03
5.140299425177905505e+03
5.141337624181020146e+03
5.142375823184133878e+03
5.143414022187247610e+03
5.144452221190362252e+03
5.145490420193475984e+03
5.146528619196589716e+03
5.147566818199704358e+03
5.148605017202818090e+03
5.149643216205931822e+03
5.150681415209045554e+03
5.151719614212160195e+03
5.152757813215273927e+03
5.153796012218387659e+03
5.154834211221502301e+03
5.155872410224616033e+03
5.156910609227729765e+03
5.157948808230843497e+03
5.158987007233958138e+03
5.160025206237071870e+03
5.161063405240185602e+03
5.162101604243300244e+03
5.163139803246413976e+03
5.164178002249527708e+03
5.165216201252642350e+03
5.166254400255756082e+03
5.167292599258869814e+03
5.168330798261983546e+03
5.169368997265098187e+03
5.170407196268211919e+03
5.171445395271325651e+03
5.172483594274440293e+03
5.173521793277554025e+03
5.174559992280667757e+03
5.175598191283781489e+03
5.176636390286896130e+03
5.177674589290009862e+03
5.178712788293123594e+03
5.179750987296238236e+03
5.180789186299351968e+03
5.181827385302465700e+03
5.182865584305580342e+03
5.183903783308694074e+03
5.184941982311807806e+03
5.185980181314921538e+03
5.187018380318036179e+03
5.188056579321149911e+03
5.189094778324263643e+03
5.190132977327378285e+03
5.191171176330492017e+03
5.192209375333605749e+03
5.193247574336719481e+03
5.194285773339834122e+03
5.195323972342947854e+03
5.196362171346061587e+03
5.197400370349176228e+03
5.198438569352289960e+03
5.199476768355403692e+03
5.200514967358518334e+03
5.201553166361632066e+03
5.202591365364745798e+03
5.203629564367859530e+03
5.204667763370974171e+03
5.205705962374087903e+03
5.206744161377201635e+03
5.207782360380316277e+03
5.208820559383430009e+03
5.209858758386543741e+03
5.210896957389657473e+03
5.211935156392772114e+03
5.212973355395885847e+03
5.214011554398999579e+03
5.215049753402114220e+03
5.216087952405227952e+03
5.217126151408341684e+03
5.218164350411456326e+03
5.219202549414570058e+03
5.220240748417683790e+03
5.221278947420797522e+03
5.222317146423912163e+03
5.223355345427025895e+03
5.224393544430139627e+03
5.225431743433254269e+03
5.226469942436368001e+03
5.227508141439481733e+03
5.228546340442595465e+03
5.229584539445710107e+03
5.230622738448823839e+03
5.231660937451937571e+03
5.232699136455052212e+03
5.233737335458165944e+03
5.234775534461279676e+03
5.235813733464394318e+03
5.236851932467508050e+03
5.237890131470621782e+03
5.238928330473735514e+03
5.239966529476850155e+03
5.241004728479963887e+03
5.242042927483077619e+03
5.243081126486192261e+03
5.244119325489305993e+03
5.245157524492419725e+03
5.246195723495533457e+03
5.247233922498648099e+03
5.248272121501761831e+03
5.249310320504875563e+03
5.250348519507990204e+03
5.251386718511103936e+03
5.252424917514217668e+03
5.253463116517332310e+03
5.254501315520446042e+03
5.255539514523559774e+03
5.256577713526673506e+03
5.257615912529788147e+03
5.258654111532901879e+03
5.259692310536015611e+03
5.260730509539130253e+03
5.261768708542243985e+03
5.262806907545357717e+03
5.263845106548471449e+03
5.264883305551586091e+03
5.265921504554699823e+03
5.266959703557813555e+03
5.267997902560928196e+03
5.269036101564041928e+03
5.270074300567155660e+03
5.271112499570270302e+03
5.272150698573384034e+03
5.273188897576497766e+03
5.274227096579611498e+03
5.275265295582726139e+03
5.276303494585839871e+03
5.277341693588953603e+03
5.278379892592068245e+03
5.279418091595181977e+03
5.280456290598295709e+03
5.281494489601409441e+03
5.282532688604524083e+03
5.283570887607637815e+03
5.284609086610751547e+03
5.285647285613866188e+03
5.286685484616979920e+03
5.287723683620093652e+03
5.288761882623208294e+03
5.289800081626322026e+03
5.290838280629435758e+03
5.291876479632550399e+03
5.292914678635664131e+03
5.293952877638777863e+03
5.294991076641891596e+03
5.296029275645006237e+03
5.297067474648119969e+03
5.298105673651233701e+03
5.299143872654347433e+03
5.300182071657462075e+03
5.301220270660575807e+03
5.302258469663689539e+03
5.303296668666804180e+03
5.304334867669917912e+03
5.305373066673031644e+03
5.306411265676146286e+03
5.307449464679260018e+03
5.308487663682373750e+03
5.309525862685488391e+03
5.310564061688602123e+03
5.311602260691715856e+03
5.312640459694829588e+03
5.313678658697944229e+03
5.314716857701057961e+03
5.315755056704171693e+03
5.316793255707285425e+03
5.317831454710400067e+03
5.318869653713513799e+03
5.319907852716627531e+03
5.320946051719742172e+03
5.321984250722855904e+03
5.323022449725969636e+03
5.324060648729084278e+03
5.325098847732198010e+03
5.326137046735311742e+03
5.327175245738426383e+03
5.328213444741540116e+03
5.329251643744653848e+03
5.330289842747767580e+03
5.331328041750882221e+03
5.332366240753995953e+03
5.333404439757109685e+03
5.334442638760223417e+03
5.335480837763338059e+03
5.336519036766451791e+03
5.337557235769565523e+03
5.338595434772680164e+03
5.339633633775793896e+03
5.340671832778907628e+03
5.341710031782022270e+03
5.342748230785136002e+03
5.343786429788249734e+03
5.344824628791364376e+03
5.345862827794478108e+03
5.346901026797591840e+03
5.347939225800705572e+03
5.348977424803820213e+03
5.350015623806933945e+03
5.351053822810047677e+03
5.352092021813161409e+03
5.353130220816276051e+03
5.354168419819389783e+03
5.355206618822503515e+03
5.356244817825618156e+03
5.357283016828731888e+03
5.358321215831845620e+03
5.359359414834960262e+03
5.360397613838073994e+03
5.361435812841187726e+03
5.362474011844302368e+03
5.363512210847416100e+03
5.364550409850529832e+03
5.365588608853643564e+03
5.366626807856758205e+03
5.367665006859871937e+03
5.368703205862985669e+03
5.369741404866099401e+03
5.370779603869214043e+03
5.371817802872327775e+03
5.372856001875441507e+03
5.373894200878556148e+03
5.374932399881669880e+03
5.375970598884783612e+03
5.377008797887898254e+03
5.378046996891011986e+03
5.379085195894125718e+03
5.380123394897240360e+03
5.381161593900354092e+03
5.382199792903467824e+03
5.383237991906581556e+03
5.384276190909696197e+03
5.385314389912809929e+03
5.386352588915923661e+03
5.387390787919037393e+03
5.388428986922152035e+03
5.389467185925265767e+03
5.390505384928379499e+03
5.391543583931494140e+03
5.392581782934607872e+03
5.393619981937721604e+03
5.394658180940836246e+03
5.395696379943949978e+03
5.396734578947063710e+03
5.397772777950178352e+03
5.398810976953292084e+03
5.399849175956405816e+03
5.400887374959519548e+03
5.401925573962634189e+03
5.402963772965747921e+03
5.404001971968861653e+03
5.405040170971975385e+03
5.406078369975090027e+03
5.407116568978203759e+03
5.408154767981317491e+03
5.409192966984432132e+03
5.410231165987545864e+03
5.411269364990659597e+03
5.412307563993774238e+03
5.413345762996887970e+03
5.414383962000001702e+03
5.415422161003116344e+03
5.416460360006230076e+03
5.417498559009343808e+03
5.418536758012457540e+03
5.419574957015572181e+03
5.420613156018685913e+03
5.421651355021799645e+03
5.422689554024914287e+03
5.423727753028028019e+03
5.424765952031141751e+03
5.425804151034255483e+03
5.426842350037370124e+03
5.427880549040483857e+03
5.428918748043597589e+03
5.429956947046712230e+03
5.430995146049825962e+03
5.432033345052939694e+03
5.433071544056054336e+03
5.434109743059168068e+03
5.435147942062281800e+03
5.436186141065395532e+03
5.437224340068510173e+03
5.438262539071623905e+03
5.439300738074737637e+03
5.440338937077852279e+03
5.441377136080966011e+03
5.442415335084079743e+03
5.443453534087193475e+03
5.444491733090308117e+03
5.445529932093421849e+03
5.446568131096535581e+03
5.447606330099650222e+03
5.448644529102763954e+03
5.449682728105877686e+03
5.450720927108992328e+03
5.451759126112106060e+03
5.452797325115219792e+03
5.453835524118333524e+03
5.454873723121448165e+03
5.455911922124561897e+03
5.456950121127675629e+03
5.457988320130790271e+03
5.459026519133904003e+03
5.460064718137017735e+03
5.461102917140131467e+03
5.462141116143246109e+03
5.463179315146359841e+03
5.464217514149473573e+03
5.465255713152588214e+03
5.466293912155701946e+03
5.467332111158815678e+03
5.468370310161930320e+03
5.469408509165044052e+03
5.470446708168157784e+03
5.471484907171271516e+03
5.472523106174386157e+03
5.473561305177499889e+03
5.474599504180613621e+03
5.475637703183728263e+03
5.476675902186841995e+03
5.477714101189955727e+03
5.478752300193069459e+03
5.479790499196184101e+03
5.480828698199297833e+03
5.481866897202411565e+03
5.482905096205526206e+03
5.483943295208639938e+03
5.484981494211753670e+03
5.486019693214868312e+03
5.487057892217982044e+03
5.488096091221095776e+03
5.489134290224209508e+03
5.490172489227324149e+03
5.491210688230437881e+03
5.492248887233551613e+03
5.493287086236666255e+03
5.494325285239779987e+03
5.495363484242893719e+03
5.496401683246007451e+03
5.497439882249122093e+03
5.498478081252235825e+03
5.499516280255349557e+03
5.500554479258464198e+03
5.501592678261577930e+03
5.502630877264691662e+03
5.503669076267806304e+03
5.504707275270920036e+03
5.505745474274033768e+03
5.506783673277148409e+03
5.507821872280262141e+03
5.508860071283375873e+03
5.509898270286489605e+03
5.510936469289604247e+03
5.511974668292717979e+03
5.513012867295831711e+03
5.514051066298945443e+03
5.515089265302060085e+03
5.516127464305173817e+03
5.517165663308287549e+03
5.518203862311402190e+03
5.519242061314515922e+03
5.520280260317629654e+03
5.521318459320744296e+03
5.522356658323858028e+03
5.523394857326971760e+03
5.524433056330086401e+03
5.525471255333200133e+03
5.526509454336313865e+03
5.527547653339427598e+03
5.528585852342542239e+03
5.529624051345655971e+03
5.530662250348769703e+03
5.531700449351883435e+03
5.532738648354998077e+03
5.533776847358111809e+03
5.534815046361225541e+03
5.535853245364340182e+03
5.536891444367453914e+03
5.537929643370567646e+03
5.538967842373682288e+03
5.540006041376796020e+03
5.541044240379909752e+03
5.542082439383024393e+03
5.543120638386138125e+03
5.544158837389251858e+03
5.545197036392365590e+03
5.546235235395480231e+03
5.547273434398593963e+03
5.548311633401707695e+03
5.549349832404821427e+03
5.550388031407936069e+03
5.551426230411049801e+03
5.552464429414163533e+03
5.553502628417278174e+03
5.554540827420391906e+03
5.555579026423505638e+03
5.556617225426620280e+03
5.557655424429734012e+03
5.558693623432847744e+03
5.559731822435962385e+03
5.560770021439076118e+03
5.561808220442189850e+03
5.562846419445303582e+03
5.563884618448418223e+03
5.564922817451531955e+03
5.565961016454645687e+03
5.566999215457759419e+03
5.568037414460874061e+03
5.569075613463987793e+03
5.570113812467101525e+03
5.571152011470216166e+03
5.572190210473329898e+03
5.573228409476443630e+03
5.574266608479558272e+03
5.575304807482672004e+03
5.576343006485785736e+03
5.577381205488900378e+03
5.578419404492014110e+03
5.579457603495127842e+03
5.580495802498241574e+03
5.581534001501356215e+03
5.582572200504469947e+03
5.583610399507583679e+03
5.584648598510697411e+03
5.585686797513812053e+03
5.586724996516925785e+03
5.587763195520039517e+03
5.588801394523154158e+03
5.589839593526267890e+03
5.590877792529381622e+03
5.591915991532496264e+03
5.592954190535609996e+03
5.593992389538723728e+03
5.595030588541838370e+03
5.596068787544952102e+03
5.597106986548065834e+03
5.598145185551179566e+03
5.599183384554294207e+03
5.600221583557407939e+03
5.601259782560521671e+03
5.602297981563635403e+03
5.603336180566750045e+03
5.604374379569863777e+03
5.605412578572977509e+03
5.606450777576092150e+03
5.607488976579205882e+03
5.608527175582319614e+03
5.609565374585434256e+03
5.610603573588547988e+03
5.611641772591661720e+03
5.612679971594776362e+03
5.613718170597890094e+03
5.614756369601003826e+03
5.615794568604117558e+03
5.616832767607232199e+03
5.617870966610345931e+03
5.618909165613459663e+03
5.619947364616573395e+03
5.620985563619688037e+03
5.622023762622801769e+03
5.623061961625915501e+03
5.624100160629030142e+03
5.625138359632143874e+03
5.626176558635257607e+03
5.627214757638372248e+03
5.628252956641485980e+03
5.629291155644599712e+03
5.630329354647714354e+03
5.631367553650828086e+03
5.632405752653941818e+03
5.633443951657055550e+03
5.634482150660170191e+03
5.635520349663283923e+03
5.636558548666397655e+03
5.637596747669512297e+03
5.638634946672626029e+03
5.639673145675739761e+03
5.640711344678853493e+03
5.641749543681968134e+03
5.642787742685081867e+03
5.643825941688195599e+03
5.644864140691310240e+03
5.645902339694423972e+03
5.646940538697537704e+03
5.647978737700652346e+03
5.649016936703766078e+03
5.650055135706879810e+03
5.651093334709993542e+03
5.652131533713108183e+03
5.653169732716221915e+03
5.654207931719335647e+03
5.655246130722450289e+03
5.656284329725564021e+03
5.657322528728677753e+03
5.658360727731791485e+03
5.659398926734906127e+03
5.660437125738019859e+03
5.661475324741133591e+03
5.662513523744248232e+03
5.663551722747361964e+03
5.664589921750475696e+03
5.665628120753590338e+03
5.666666319756704070e+03
5.667704518759817802e+03
5.668742717762931534e+03
5.669780916766046175e+03
5.670819115769159907e+03
5.671857314772273639e+03
5.672895513775388281e+03
5.673933712778502013e+03
5.674971911781615745e+03
5.676010110784729477e+03
5.677048309787844119e+03
5.678086508790957851e+03
5.679124707794071583e+03
5.680162906797186224e+03
5.681201105800299956e+03
5.682239304803413688e+03
5.683277503806528330e+03
5.684315702809642062e+03
5.685353901812755794e+03
5.686392100815869526e+03
5.687430299818984167e+03
5.688468498822097899e+03
5.689506697825211631e+03
5.690544896828326273e+03
5.691583095831440005e+03
5.692621294834553737e+03
5.693659493837667469e+03
5.694697692840782111e+03
5.695735891843895843e+03
5.696774090847009575e+03
5.697812289850124216e+03
5.698850488853237948e+03
5.699888687856351680e+03
5.700926886859466322e+03
5.701965085862580054e+03
5.703003284865693786e+03
5.704041483868807518e+03
5.705079682871922159e+03
5.706117881875035891e+03
5.707156080878149623e+03
5.708194279881264265e+03
5.709232478884377997e+03
5.710270677887491729e+03
5.711308876890605461e+03
5.712347075893720103e+03
5.713385274896833835e+03
5.714423473899947567e+03
5.715461672903062208e+03
5.716499871906175940e+03
5.717538070909289672e+03
5.718576269912404314e+03
5.719614468915518046e+03
5.720652667918631778e+03
5.721690866921746419e+03
5.722729065924860151e+03
5.723767264927973883e+03
5.724805463931087615e+03
5.725843662934201348e+03
5.726881861937315989e+03
5.727920060940429721e+03
5.728958259943543453e+03
5.729996458946658095e+03
5.731034657949771827e+03
5.732072856952885559e+03
5.733111055956000200e+03
5.734149254959113932e+03
5.735187453962227664e+03
5.736225652965342306e+03
5.737263851968456038e+03
5.738302050971569770e+03
5.739340249974684411e+03
5.740378448977798143e+03
5.741416647980911875e+03
5.742454846984025608e+03
5.743493045987139340e+03
5.744531244990253981e+03
5.745569443993367713e+03
5.746607642996481445e+03
5.747645841999596087e+03
5.748684041002709819e+03
5.749722240005823551e+03
5.750760439008938192e+03
5.751798638012051924e+03
5.752836837015165656e+03
5.753875036018280298e+03
5.754913235021394030e+03
5.755951434024507762e+03
5.756989633027622403e+03
5.758027832030736135e+03
