8.184509375000000000e+04
7.818956250000000000e+04
7.263971093750000000e+04
7.115189843750000000e+04
7.186740625000000000e+04
7.175213281250000000e+04
7.031121875000000000e+04
6.945688281250000000e+04
6.908849218750000000e+04
6.888545312500000000e+04
6.904152343750000000e+04
6.792160156250000000e+04
6.690496875000000000e+04
6.786885937500000000e+04
7.060278125000000000e+04
7.816089062500000000e+04
8.819403906250000000e+04
8.984055468750000000e+04
8.300402343750000000e+04
7.817017968750000000e+04
7.751895312500000000e+04
7.523696093750000000e+04
7.128543750000000000e+04
7.019659375000000000e+04
7.098678906250000000e+04
7.140043750000000000e+04
7.156127343750000000e+04
7.085399218750000000e+04
7.018916406250000000e+04
7.140443750000000000e+04
7.267932812500000000e+04
7.317983593750000000e+04
7.241468750000000000e+04
7.032317187500000000e+04
6.942017187500000000e+04
7.398050781250000000e+04
8.286919531250000000e+04
8.734296093750000000e+04
8.247775781250000000e+04
7.423803125000000000e+04
7.087792187500000000e+04
7.125782031250000000e+04
7.330308593750000000e+04
7.585157812500000000e+04
7.504216406250000000e+04
7.255514062500000000e+04
7.145058593750000000e+04
7.580773437500000000e+04
8.555597656250000000e+04
9.105075000000000000e+04
8.563712500000000000e+04
7.585503125000000000e+04
7.091821875000000000e+04
7.013935937500000000e+04
7.231141406250000000e+04
8.289332812500000000e+04
1.137722500000000000e+05
1.542522812500000000e+05
1.690257500000000000e+05
1.463969531250000000e+05
1.192771562500000000e+05
1.091109296875000000e+05
1.058159218750000000e+05
9.845785156250000000e+04
8.738323437500000000e+04
8.145660937500000000e+04
7.832766406250000000e+04
7.526690625000000000e+04
7.334695312500000000e+04
7.717459375000000000e+04
1.011484140625000000e+05
1.419715468750000000e+05
1.584260000000000000e+05
1.311557343750000000e+05
1.017821796875000000e+05
9.655239843750000000e+04
1.044529687500000000e+05
1.047804218750000000e+05
9.511619531250000000e+04
8.602693750000000000e+04
8.043297656250000000e+04
7.960589062500000000e+04
8.256503906250000000e+04
8.634357812500000000e+04
8.570698437500000000e+04
8.125725781250000000e+04
7.573382031250000000e+04
7.472146875000000000e+04
8.247317187500000000e+04
1.083171015625000000e+05
1.404611250000000000e+05
1.425197343750000000e+05
1.127324375000000000e+05
8.748683593750000000e+04
8.084389843750000000e+04
9.078875000000000000e+04
1.578932656250000000e+05
3.842165625000000000e+05
6.849511250000000000e+05
7.161751875000000000e+05
4.421680625000000000e+05
2.094681875000000000e+05
1.636869687500000000e+05
1.651585468750000000e+05
1.322967812500000000e+05
9.468229687500000000e+04
7.948170312500000000e+04
7.621414843750000000e+04
7.523235937500000000e+04
7.564646875000000000e+04
8.256228125000000000e+04
9.820314062500000000e+04
1.050908125000000000e+05
9.612333593750000000e+04
8.544114062500000000e+04
9.150923437500000000e+04
1.216615546875000000e+05
1.508331718750000000e+05
1.405962343750000000e+05
1.049374218750000000e+05
8.165545312500000000e+04
7.575545312500000000e+04
7.584556250000000000e+04
7.673960156250000000e+04
7.781117968750000000e+04
7.859999218750000000e+04
7.841089843750000000e+04
8.100125000000000000e+04
9.059489843750000000e+04
9.742645312500000000e+04
9.251305468750000000e+04
8.291621875000000000e+04
8.905811718750000000e+04
1.109799453125000000e+05
1.240490156250000000e+05
1.117605703125000000e+05
1.054115703125000000e+05
1.655296875000000000e+05
2.716510625000000000e+05
2.978731875000000000e+05
2.076737656250000000e+05
1.152525703125000000e+05
8.065074218750000000e+04
7.520516406250000000e+04
7.497988281250000000e+04
7.524949218750000000e+04
7.652001562500000000e+04
8.130320312500000000e+04
8.715070312500000000e+04
8.730956250000000000e+04
8.203334375000000000e+04
8.364988281250000000e+04
9.449071093750000000e+04
1.013166328125000000e+05
9.272330468750000000e+04
8.000440625000000000e+04
7.419387500000000000e+04
7.293895312500000000e+04
7.293499218750000000e+04
7.300607812500000000e+04
7.212168750000000000e+04
7.120778906250000000e+04
7.058960156250000000e+04
7.127880468750000000e+04
7.149164062500000000e+04
7.072887500000000000e+04
7.000223437500000000e+04
7.010145312500000000e+04
7.116751562500000000e+04
7.539035937500000000e+04
7.826439062500000000e+04
7.670615625000000000e+04
7.440917968750000000e+04
7.804189062500000000e+04
8.318009375000000000e+04
8.210576562500000000e+04
7.599501562500000000e+04
7.231084375000000000e+04
7.135921093750000000e+04
7.069882031250000000e+04
6.928882812500000000e+04
6.902414062500000000e+04
6.952594531250000000e+04
6.985521093750000000e+04
6.993508593750000000e+04
6.983649218750000000e+04
6.932024218750000000e+04
6.928032031250000000e+04
7.005192968750000000e+04
7.031425000000000000e+04
7.044857812500000000e+04
7.041989062500000000e+04
7.219948437500000000e+04
7.450317968750000000e+04
7.661391406250000000e+04
7.511317187500000000e+04
7.281742968750000000e+04
7.426982812500000000e+04
7.715431250000000000e+04
7.803269531250000000e+04
8.365357812500000000e+04
1.034720625000000000e+05
1.270226640625000000e+05
1.333024375000000000e+05
1.216110156250000000e+05
1.174021015625000000e+05
1.231509296875000000e+05
1.123038046875000000e+05
9.098258593750000000e+04
7.937776562500000000e+04
7.936513281250000000e+04
8.103171875000000000e+04
7.633028906250000000e+04
6.979240625000000000e+04
6.626527343750000000e+04
6.483851953125000000e+04
6.473066796875000000e+04
6.496870703125000000e+04
6.499042578125000000e+04
6.521731640625000000e+04
6.638585937500000000e+04
7.357825000000000000e+04
1.060269140625000000e+05
1.591582500000000000e+05
1.763663593750000000e+05
1.373767500000000000e+05
1.017919453125000000e+05
1.008717109375000000e+05
1.020487968750000000e+05
8.722849218750000000e+04
7.318614062500000000e+04
6.909144531250000000e+04
7.168002343750000000e+04
7.511839843750000000e+04
7.350228906250000000e+04
6.792446875000000000e+04
6.676388281250000000e+04
7.490732812500000000e+04
8.850919531250000000e+04
9.365235156250000000e+04
8.489569531250000000e+04
7.438136718750000000e+04
7.086839062500000000e+04
7.814838281250000000e+04
1.105954140625000000e+05
1.480364062500000000e+05
1.431634062500000000e+05
1.025553281250000000e+05
7.490701562500000000e+04
7.047694531250000000e+04
7.650364062500000000e+04
9.026841406250000000e+04
1.043043281250000000e+05
1.012936250000000000e+05
8.510962500000000000e+04
7.503917968750000000e+04
8.335581250000000000e+04
1.242321250000000000e+05
1.683631718750000000e+05
1.576000156250000000e+05
1.078005703125000000e+05
7.624886718750000000e+04
7.563997656250000000e+04
9.170050000000000000e+04
1.020940000000000000e+05
9.245260156250000000e+04
8.248727343750000000e+04
9.091564843750000000e+04
9.854277343750000000e+04
8.982228906250000000e+04
7.743840625000000000e+04
8.189607031250000000e+04
1.146886718750000000e+05
1.470935625000000000e+05
1.368586093750000000e+05
9.994418750000000000e+04
8.007065625000000000e+04
7.552785937500000000e+04
7.157089843750000000e+04
6.809092187500000000e+04
6.711000781250000000e+04
6.777385156250000000e+04
6.865996093750000000e+04
6.971589062500000000e+04
7.701007031250000000e+04
8.722625781250000000e+04
8.628000000000000000e+04
7.720516406250000000e+04
7.789264062500000000e+04
9.611097656250000000e+04
1.122245859375000000e+05
1.031449921875000000e+05
8.063114843750000000e+04
6.952332812500000000e+04
6.744544531250000000e+04
6.716942968750000000e+04
6.633567187500000000e+04
6.596863281250000000e+04
6.677460156250000000e+04
6.733100000000000000e+04
6.717646093750000000e+04
6.678140625000000000e+04
6.674789843750000000e+04
6.943071875000000000e+04
7.503339062500000000e+04
7.768796093750000000e+04
7.497457031250000000e+04
7.388261718750000000e+04
8.159868750000000000e+04
8.735414062500000000e+04
8.264208593750000000e+04
7.322898437500000000e+04
6.856307031250000000e+04
6.800197656250000000e+04
6.728204687500000000e+04
6.647250781250000000e+04
6.601126562500000000e+04
6.659890625000000000e+04
6.721559375000000000e+04
6.858568750000000000e+04
6.842542968750000000e+04
6.793860937500000000e+04
6.768336718750000000e+04
6.775800781250000000e+04
6.832830468750000000e+04
6.983817968750000000e+04
7.199973437500000000e+04
7.182533593750000000e+04
7.154782812500000000e+04
7.468057031250000000e+04
7.740280468750000000e+04
7.471349218750000000e+04
6.996719531250000000e+04
6.730070312500000000e+04
6.745013281250000000e+04
6.660418750000000000e+04
6.623258593750000000e+04
6.615196875000000000e+04
6.637318750000000000e+04
6.660031250000000000e+04
6.742406250000000000e+04
6.814949218750000000e+04
6.800568750000000000e+04
6.866885937500000000e+04
6.753601562500000000e+04
6.662552343750000000e+04
6.651030468750000000e+04
6.645458593750000000e+04
6.841685937500000000e+04
7.181782812500000000e+04
7.439910937500000000e+04
7.330876562500000000e+04
7.254502343750000000e+04
7.287584375000000000e+04
7.185508593750000000e+04
7.000065625000000000e+04
6.920235156250000000e+04
6.890878125000000000e+04
6.947324218750000000e+04
7.315850781250000000e+04
7.805404687500000000e+04
7.552021093750000000e+04
7.040639843750000000e+04
6.848347656250000000e+04
6.836211718750000000e+04
6.794822656250000000e+04
6.787717968750000000e+04
6.852100781250000000e+04
7.144304687500000000e+04
7.468255468750000000e+04
7.350381250000000000e+04
6.976078906250000000e+04
6.806222656250000000e+04
6.811343750000000000e+04
6.907589843750000000e+04
7.002567968750000000e+04
7.116574218750000000e+04
7.146571093750000000e+04
7.218409375000000000e+04
7.203489843750000000e+04
6.991289843750000000e+04
6.858177343750000000e+04
6.817714062500000000e+04
6.780559375000000000e+04
6.724552343750000000e+04
6.725281250000000000e+04
6.752110156250000000e+04
6.765881250000000000e+04
6.786989843750000000e+04
6.781382031250000000e+04
6.759325781250000000e+04
6.686271875000000000e+04
6.693079687500000000e+04
6.766278125000000000e+04
6.755618750000000000e+04
6.675744531250000000e+04
6.659994531250000000e+04
6.692009375000000000e+04
6.705383593750000000e+04
6.698576562500000000e+04
6.700901562500000000e+04
6.688812500000000000e+04
6.789407031250000000e+04
6.896454687500000000e+04
6.914954687500000000e+04
6.957274218750000000e+04
7.035262500000000000e+04
6.915195312500000000e+04
6.716767187500000000e+04
6.658254687500000000e+04
6.624038281250000000e+04
6.657746093750000000e+04
6.719536718750000000e+04
6.749274218750000000e+04
6.824696093750000000e+04
6.834503125000000000e+04
6.798321875000000000e+04
6.750821875000000000e+04
6.725110937500000000e+04
6.771060937500000000e+04
6.793026562500000000e+04
6.752564062500000000e+04
6.724025000000000000e+04
6.738585156250000000e+04
6.830034375000000000e+04
6.863335937500000000e+04
6.887367968750000000e+04
6.883269531250000000e+04
7.416358593750000000e+04
1.054256406250000000e+05
1.840914843750000000e+05
2.695154375000000000e+05
2.795742187500000000e+05
2.431902187500000000e+05
2.497031718750000000e+05
2.499108906250000000e+05
1.786112500000000000e+05
1.086063984375000000e+05
9.849081250000000000e+04
1.150208281250000000e+05
1.127100000000000000e+05
9.061609375000000000e+04
7.367614843750000000e+04
7.060232031250000000e+04
7.381885937500000000e+04
7.593459375000000000e+04
7.372296875000000000e+04
7.090883593750000000e+04
7.001712500000000000e+04
6.956337500000000000e+04
7.345460156250000000e+04
1.124767968750000000e+05
2.412423906250000000e+05
3.799032500000000000e+05
3.470948750000000000e+05
1.880492968750000000e+05
9.000639843750000000e+04
8.039239843750000000e+04
8.492105468750000000e+04
7.352238281250000000e+04
6.072538671875000000e+04
5.909365625000000000e+04
6.761775000000000000e+04
8.739135156250000000e+04
1.049907421875000000e+05
1.002068593750000000e+05
8.151549218750000000e+04
7.779580468750000000e+04
1.019812109375000000e+05
1.300494921875000000e+05
1.213028359375000000e+05
9.027898437500000000e+04
7.471028125000000000e+04
7.071154687500000000e+04
7.067553906250000000e+04
8.717988281250000000e+04
1.151191250000000000e+05
1.185386953125000000e+05
9.366596875000000000e+04
7.255033593750000000e+04
6.623550781250000000e+04
6.892355468750000000e+04
9.189133593750000000e+04
1.444948750000000000e+05
1.721621406250000000e+05
1.369382968750000000e+05
8.854498437500000000e+04
7.118764843750000000e+04
8.091407812500000000e+04
1.405004843750000000e+05
2.270242187500000000e+05
2.349543906250000000e+05
1.547061562500000000e+05
8.958759375000000000e+04
7.224994531250000000e+04
6.897221093750000000e+04
6.756342187500000000e+04
6.780058593750000000e+04
7.136846093750000000e+04
9.442444531250000000e+04
1.399914531250000000e+05
1.577660000000000000e+05
1.232254687500000000e+05
8.349633593750000000e+04
7.768444531250000000e+04
1.285836718750000000e+05
2.310783750000000000e+05
2.705118437500000000e+05
1.933351562500000000e+05
1.063707734375000000e+05
7.745803125000000000e+04
7.382157031250000000e+04
7.424806250000000000e+04
7.340899218750000000e+04
7.212496093750000000e+04
7.278998437500000000e+04
7.477482812500000000e+04
7.845466406250000000e+04
9.411742968750000000e+04
1.242270859375000000e+05
1.376515468750000000e+05
1.131055312500000000e+05
8.548532031250000000e+04
9.616880468750000000e+04
1.583716406250000000e+05
2.142379687500000000e+05
1.853594218750000000e+05
1.150454609375000000e+05
8.078439062500000000e+04
7.538117968750000000e+04
7.557451562500000000e+04
7.453432031250000000e+04
7.237125000000000000e+04
7.186771093750000000e+04
7.108157812500000000e+04
7.251163281250000000e+04
7.527367187500000000e+04
7.657726562500000000e+04
7.654408593750000000e+04
8.110050781250000000e+04
9.577410937500000000e+04
1.072954921875000000e+05
9.736400781250000000e+04
8.096000781250000000e+04
8.867438281250000000e+04
1.222280468750000000e+05
1.367075625000000000e+05
1.110244531250000000e+05
7.904726562500000000e+04
6.794758593750000000e+04
6.786064062500000000e+04
6.972705468750000000e+04
6.902886718750000000e+04
6.793482812500000000e+04
6.764028906250000000e+04
6.879735156250000000e+04
7.232645312500000000e+04
7.390586718750000000e+04
7.322415625000000000e+04
7.141090625000000000e+04
7.022509375000000000e+04
6.944949218750000000e+04
6.992448437500000000e+04
7.658630468750000000e+04
8.756506250000000000e+04
9.047043750000000000e+04
8.654605468750000000e+04
9.537110937500000000e+04
1.195150625000000000e+05
1.307205781250000000e+05
1.163403515625000000e+05
9.812992968750000000e+04
8.832997656250000000e+04
8.254271093750000000e+04
7.742732031250000000e+04
7.516192187500000000e+04
7.641232812500000000e+04
8.060445312500000000e+04
8.448026562500000000e+04
8.626434375000000000e+04
8.718804687500000000e+04
8.784610156250000000e+04
8.694925000000000000e+04
8.520392968750000000e+04
8.443127343750000000e+04
8.434327343750000000e+04
8.315592968750000000e+04
8.306703125000000000e+04
8.393390625000000000e+04
8.705964062500000000e+04
9.211587500000000000e+04
8.979467968750000000e+04
8.469805468750000000e+04
8.985428125000000000e+04
9.890810156250000000e+04
9.592236718750000000e+04
8.604946875000000000e+04
7.912638281250000000e+04
7.607401562500000000e+04
7.603089062500000000e+04
7.584439062500000000e+04
7.716684375000000000e+04
7.794375000000000000e+04
7.893291406250000000e+04
7.800637500000000000e+04
7.547685937500000000e+04
7.486992187500000000e+04
7.608570312500000000e+04
8.082995312500000000e+04
8.780472656250000000e+04
9.447987500000000000e+04
9.940071093750000000e+04
1.054313906250000000e+05
1.081596953125000000e+05
1.000304296875000000e+05
8.666490625000000000e+04
7.676857812500000000e+04
7.841735156250000000e+04
8.380507031250000000e+04
8.475997656250000000e+04
8.160198437500000000e+04
8.423271875000000000e+04
8.797702343750000000e+04
8.582483593750000000e+04
8.216077343750000000e+04
8.182620312500000000e+04
8.840460937500000000e+04
9.926412500000000000e+04
1.064352968750000000e+05
1.060588906250000000e+05
1.004251953125000000e+05
9.404814843750000000e+04
8.827557031250000000e+04
8.264510156250000000e+04
7.813525000000000000e+04
7.617313281250000000e+04
7.699215625000000000e+04
8.036435156250000000e+04
8.275610156250000000e+04
8.456975000000000000e+04
8.523374218750000000e+04
8.410235937500000000e+04
8.245745312500000000e+04
8.009537500000000000e+04
7.809879687500000000e+04
7.576885937500000000e+04
7.332100781250000000e+04
7.314575000000000000e+04
7.633119531250000000e+04
7.704977343750000000e+04
7.672570312500000000e+04
7.824629687500000000e+04
7.764050781250000000e+04
7.338914843750000000e+04
6.645039843750000000e+04
6.058272265625000000e+04
6.189268750000000000e+04
6.548264453125000000e+04
6.486041796875000000e+04
6.104144921875000000e+04
6.142254296875000000e+04
6.342614453125000000e+04
6.446535937500000000e+04
6.497102734375000000e+04
6.525190625000000000e+04
6.468949218750000000e+04
6.404919531250000000e+04
6.457522265625000000e+04
6.672933593750000000e+04
6.905018750000000000e+04
6.984513281250000000e+04
7.058677343750000000e+04
7.173332812500000000e+04
7.097057031250000000e+04
6.987443750000000000e+04
7.041497656250000000e+04
7.424507812500000000e+04
7.978317187500000000e+04
8.181574218750000000e+04
8.102976562500000000e+04
7.903253125000000000e+04
7.955240625000000000e+04
8.149984375000000000e+04
8.039050000000000000e+04
7.810246093750000000e+04
7.752435156250000000e+04
1.066391250000000000e+05
2.401706406250000000e+05
4.667397500000000000e+05
5.801284375000000000e+05
5.197076562500000000e+05
5.269816250000000000e+05
5.765923125000000000e+05
4.398336875000000000e+05
2.186071406250000000e+05
1.219601171875000000e+05
1.308789609375000000e+05
1.602007031250000000e+05
1.568772343750000000e+05
1.256159375000000000e+05
9.684317187500000000e+04
8.260916406250000000e+04
8.049243750000000000e+04
7.952919531250000000e+04
7.905992187500000000e+04
8.589743750000000000e+04
9.910142968750000000e+04
1.045486171875000000e+05
9.959250000000000000e+04
1.342047187500000000e+05
3.466239687500000000e+05
6.667949375000000000e+05
6.891278750000000000e+05
3.857541562500000000e+05
1.737909218750000000e+05
2.062611562500000000e+05
3.425032187500000000e+05
3.722448750000000000e+05
2.400099843750000000e+05
1.198279375000000000e+05
8.867275000000000000e+04
8.915145312500000000e+04
1.060900390625000000e+05
1.481109531250000000e+05
1.674658125000000000e+05
1.321887343750000000e+05
9.777946875000000000e+04
1.308357734375000000e+05
2.148233593750000000e+05
2.397287031250000000e+05
1.708722187500000000e+05
1.060960859375000000e+05
9.287470312500000000e+04
9.935872656250000000e+04
1.300845078125000000e+05
3.131857187500000000e+05
6.063551875000000000e+05
6.226874375000000000e+05
3.329725625000000000e+05
1.236258671875000000e+05
8.037275781250000000e+04
7.750052343750000000e+04
9.131379687500000000e+04
1.758320312500000000e+05
3.156459687500000000e+05
3.365100000000000000e+05
2.094469218750000000e+05
1.077362031250000000e+05
8.256935156250000000e+04
9.613295312500000000e+04
2.473290000000000000e+05
6.173614375000000000e+05
8.124443750000000000e+05
5.490289375000000000e+05
2.135994687500000000e+05
1.048273203125000000e+05
9.322613281250000000e+04
9.385007031250000000e+04
9.829674218750000000e+04
9.872092187500000000e+04
9.664453125000000000e+04
1.344875937500000000e+05
2.537860000000000000e+05
3.307814375000000000e+05
2.533791718750000000e+05
1.346867656250000000e+05
9.378742968750000000e+04
1.108182812500000000e+05
2.462731875000000000e+05
5.018180312500000000e+05
5.671791875000000000e+05
3.459024687500000000e+05
1.490871562500000000e+05
9.908980468750000000e+04
8.965413281250000000e+04
8.538057812500000000e+04
8.399264062500000000e+04
8.242150781250000000e+04
8.223869531250000000e+04
8.130565625000000000e+04
8.213866406250000000e+04
8.939308593750000000e+04
1.292335156250000000e+05
2.191182343750000000e+05
2.664807812500000000e+05
2.005070000000000000e+05
1.135941484375000000e+05
9.047796875000000000e+04
1.594434687500000000e+05
3.499379062500000000e+05
4.600129062500000000e+05
3.307996562500000000e+05
1.487783437500000000e+05
8.464889062500000000e+04
7.769971093750000000e+04
8.185770312500000000e+04
8.989767968750000000e+04
9.282882812500000000e+04
8.948416406250000000e+04
8.770709375000000000e+04
8.493472656250000000e+04
8.131569531250000000e+04
8.151939062500000000e+04
8.322214843750000000e+04
8.266025000000000000e+04
8.838559375000000000e+04
1.282950781250000000e+05
1.793173437500000000e+05
1.713928750000000000e+05
1.174235234375000000e+05
9.209912500000000000e+04
1.344849062500000000e+05
2.409286562500000000e+05
2.835431875000000000e+05
2.005022968750000000e+05
1.089438125000000000e+05
8.356369531250000000e+04
8.063501562500000000e+04
7.959352343750000000e+04
7.936130468750000000e+04
8.029346093750000000e+04
8.145378906250000000e+04
8.063745312500000000e+04
8.039431250000000000e+04
8.348896093750000000e+04
8.927562500000000000e+04
9.892139062500000000e+04
1.156074296875000000e+05
1.298494062500000000e+05
1.430484531250000000e+05
1.566183125000000000e+05
1.519731718750000000e+05
1.599823281250000000e+05
2.063700781250000000e+05
2.477033125000000000e+05
2.221235000000000000e+05
1.632887187500000000e+05
1.647375312500000000e+05
2.223494531250000000e+05
2.481949843750000000e+05
2.505885937500000000e+05
2.398162500000000000e+05
1.768450156250000000e+05
1.131833515625000000e+05
9.237835937500000000e+04
9.133011718750000000e+04
1.093891484375000000e+05
1.312936406250000000e+05
1.214110000000000000e+05
9.521822656250000000e+04
8.474869531250000000e+04
8.649157031250000000e+04
8.654725000000000000e+04
8.417054687500000000e+04
8.148811718750000000e+04
8.024214843750000000e+04
8.041168750000000000e+04
8.040403125000000000e+04
8.060694531250000000e+04
8.370597656250000000e+04
8.984682812500000000e+04
1.071129687500000000e+05
1.203515625000000000e+05
1.171077187500000000e+05
1.703851406250000000e+05
3.751675937500000000e+05
5.426132500000000000e+05
4.281984375000000000e+05
2.143982968750000000e+05
1.687052812500000000e+05
2.093609062500000000e+05
1.886237031250000000e+05
1.228273906250000000e+05
9.031574218750000000e+04
9.072610937500000000e+04
1.044496171875000000e+05
1.205015468750000000e+05
1.156247500000000000e+05
9.637073437500000000e+04
8.612532031250000000e+04
8.568340625000000000e+04
8.596186718750000000e+04
8.568582812500000000e+04
8.910358593750000000e+04
9.371310156250000000e+04
1.065092578125000000e+05
1.470216875000000000e+05
1.781267500000000000e+05
1.511122968750000000e+05
1.057479531250000000e+05
8.872809375000000000e+04
8.847842187500000000e+04
9.880925000000000000e+04
1.165796796875000000e+05
1.761560312500000000e+05
3.236976250000000000e+05
4.097083750000000000e+05
3.086704687500000000e+05
1.608391875000000000e+05
9.895088281250000000e+04
8.493123437500000000e+04
8.279117187500000000e+04
8.557609375000000000e+04
1.121736093750000000e+05
1.753792500000000000e+05
2.038119531250000000e+05
1.543816250000000000e+05
1.006746562500000000e+05
8.307102343750000000e+04
7.198285156250000000e+04
6.251628125000000000e+04
8.529951562500000000e+04
1.296171171875000000e+05
1.259889609375000000e+05
7.333979687500000000e+04
3.905431250000000000e+04
3.270285156250000000e+04
3.346253515625000000e+04
3.506582421875000000e+04
3.920212890625000000e+04
4.346768750000000000e+04
4.732778125000000000e+04
5.436475390625000000e+04
8.426508593750000000e+04
1.448483906250000000e+05
1.702196406250000000e+05
1.335913750000000000e+05
9.402624218750000000e+04
7.564029687500000000e+04
7.196655468750000000e+04
1.068858203125000000e+05
1.548803281250000000e+05
1.441643437500000000e+05
9.003057812500000000e+04
6.124527343750000000e+04
5.580041406250000000e+04
5.499339062500000000e+04
5.818673828125000000e+04
5.984693750000000000e+04
6.295166406250000000e+04
6.613128906250000000e+04
6.300458203125000000e+04
6.408239843750000000e+04
6.751308593750000000e+04
6.767071093750000000e+04
8.320972656250000000e+04
1.142039218750000000e+05
1.201233281250000000e+05
9.637639843750000000e+04
7.917014843750000000e+04
8.288881250000000000e+04
1.310903125000000000e+05
1.938987031250000000e+05
1.789450000000000000e+05
1.118498671875000000e+05
7.981826562500000000e+04
7.755220312500000000e+04
7.807775781250000000e+04
7.915754687500000000e+04
8.234104687500000000e+04
8.162250000000000000e+04
7.798128906250000000e+04
7.952144531250000000e+04
8.816800781250000000e+04
9.683879687500000000e+04
9.648064843750000000e+04
9.614691406250000000e+04
1.034703281250000000e+05
1.088173125000000000e+05
1.088380390625000000e+05
1.176862656250000000e+05
1.226732968750000000e+05
1.087830546875000000e+05
9.997139843750000000e+04
1.252122578125000000e+05
1.626375781250000000e+05
1.590950156250000000e+05
1.190449375000000000e+05
9.405173437500000000e+04
8.849000000000000000e+04
8.876867968750000000e+04
1.294050156250000000e+05
3.659197500000000000e+05
7.525435625000000000e+05
9.100421250000000000e+05
9.254452500000000000e+05
9.889334375000000000e+05
7.856023125000000000e+05
3.793161875000000000e+05
1.866781406250000000e+05
2.207544843750000000e+05
3.013181562500000000e+05
3.005914687500000000e+05
2.105206562500000000e+05
1.273903750000000000e+05
1.039787343750000000e+05
1.153020000000000000e+05
1.383146875000000000e+05
1.437325625000000000e+05
1.247884296875000000e+05
1.125408515625000000e+05
1.107300078125000000e+05
1.051451171875000000e+05
1.004020781250000000e+05
1.134905390625000000e+05
2.486555468750000000e+05
7.358764375000000000e+05
1.213694125000000000e+06
9.933754375000000000e+05
4.085652500000000000e+05
1.517798750000000000e+05
1.805271718750000000e+05
3.559213125000000000e+05
4.855915937500000000e+05
3.704395000000000000e+05
1.713190937500000000e+05
9.754535156250000000e+04
9.050100781250000000e+04
9.539082031250000000e+04
1.107184609375000000e+05
1.665950000000000000e+05
2.401900468750000000e+05
2.277051562500000000e+05
1.497667343750000000e+05
1.602137656250000000e+05
2.874008750000000000e+05
3.405387187500000000e+05
2.356803281250000000e+05
1.336805156250000000e+05
1.135882500000000000e+05
1.145862421875000000e+05
1.317025156250000000e+05
2.228358906250000000e+05
5.468179375000000000e+05
9.043214375000000000e+05
7.768718750000000000e+05
3.400742812500000000e+05
1.232397031250000000e+05
9.323103125000000000e+04
9.172867187500000000e+04
9.577654687500000000e+04
1.347247968750000000e+05
2.924670625000000000e+05
4.542655625000000000e+05
3.894743125000000000e+05
2.051350937500000000e+05
1.279922734375000000e+05
1.216430000000000000e+05
1.201292265625000000e+05
1.974439218750000000e+05
5.957323125000000000e+05
1.078033000000000000e+06
9.597222500000000000e+05
4.193947812500000000e+05
1.414695468750000000e+05
1.102918828125000000e+05
1.120283906250000000e+05
1.045669687500000000e+05
1.008798281250000000e+05
1.035233906250000000e+05
9.951664843750000000e+04
1.059150625000000000e+05
2.025657968750000000e+05
3.846670000000000000e+05
4.136900000000000000e+05
2.450655625000000000e+05
1.191207500000000000e+05
1.242893906250000000e+05
2.073870000000000000e+05
3.899959687500000000e+05
8.453311250000000000e+05
1.228606500000000000e+06
9.519186875000000000e+05
4.411747187500000000e+05
3.609788437500000000e+05
5.224176250000000000e+05
5.143689687500000000e+05
2.956882500000000000e+05
1.522183437500000000e+05
2.117090156250000000e+05
3.633900937500000000e+05
5.518091250000000000e+05
6.030417500000000000e+05
3.991338750000000000e+05
1.695063593750000000e+05
1.455000468750000000e+05
2.811444687500000000e+05
4.127245937500000000e+05
4.258188437500000000e+05
3.398801250000000000e+05
2.234321093750000000e+05
1.590726875000000000e+05
2.628523437500000000e+05
5.493564375000000000e+05
6.766627500000000000e+05
4.454745625000000000e+05
1.954262031250000000e+05
1.250547187500000000e+05
1.145631406250000000e+05
1.081803359375000000e+05
1.002878515625000000e+05
1.001826171875000000e+05
1.069522187500000000e+05
1.104023671875000000e+05
1.092123828125000000e+05
1.132729531250000000e+05
1.895916718750000000e+05
5.930875625000000000e+05
1.270190500000000000e+06
1.349698750000000000e+06
7.144450000000000000e+05
3.088785000000000000e+05
4.633652500000000000e+05
6.884400000000000000e+05
5.617894375000000000e+05
2.556813125000000000e+05
1.200864921875000000e+05
1.278589375000000000e+05
2.590810312500000000e+05
4.733019687500000000e+05
4.971978125000000000e+05
2.921095937500000000e+05
1.343536875000000000e+05
9.773679687500000000e+04
9.625658593750000000e+04
9.935672656250000000e+04
1.054718281250000000e+05
1.167985000000000000e+05
1.385540625000000000e+05
2.097260937500000000e+05
3.496094687500000000e+05
3.825797812500000000e+05
2.436714687500000000e+05
1.228610312500000000e+05
9.199875000000000000e+04
8.624922656250000000e+04
8.559403125000000000e+04
8.872950781250000000e+04
1.712816250000000000e+05
5.665703125000000000e+05
1.030044750000000000e+06
9.120850000000000000e+05
4.278302812500000000e+05
1.869809062500000000e+05
1.239434140625000000e+05
1.020142421875000000e+05
1.120837656250000000e+05
1.843638906250000000e+05
3.441425000000000000e+05
5.254467500000000000e+05
5.020354375000000000e+05
2.810367812500000000e+05
1.213056484375000000e+05
9.672967187500000000e+04
1.054484609375000000e+05
1.181623906250000000e+05
2.544802031250000000e+05
7.675710000000000000e+05
1.206242500000000000e+06
9.135786875000000000e+05
3.433642500000000000e+05
1.350043750000000000e+05
1.141525156250000000e+05
1.101931484375000000e+05
1.061456406250000000e+05
9.927600781250000000e+04
9.258785156250000000e+04
8.910720312500000000e+04
9.419348437500000000e+04
1.448561406250000000e+05
2.955612187500000000e+05
3.947391562500000000e+05
2.959099687500000000e+05
1.607726875000000000e+05
1.415165468750000000e+05
1.481470937500000000e+05
1.965481093750000000e+05
5.099131562500000000e+05
8.888681875000000000e+05
7.901041250000000000e+05
3.904538437500000000e+05
1.825459218750000000e+05
1.283639062500000000e+05
1.089095312500000000e+05
9.852778906250000000e+04
9.169256250000000000e+04
8.926247656250000000e+04
9.298703125000000000e+04
9.309932031250000000e+04
8.821857031250000000e+04
8.489948437500000000e+04
8.792531250000000000e+04
1.066226796875000000e+05
1.821986093750000000e+05
2.900598750000000000e+05
2.835661562500000000e+05
1.689647656250000000e+05
9.765900000000000000e+04
9.482157031250000000e+04
1.828551093750000000e+05
4.119753437500000000e+05
5.194358750000000000e+05
3.405729687500000000e+05
1.438147968750000000e+05
9.222012500000000000e+04
8.591474218750000000e+04
8.299162500000000000e+04
8.611898437500000000e+04
9.360760156250000000e+04
1.027231484375000000e+05
1.075195625000000000e+05
1.010854218750000000e+05
9.027319531250000000e+04
9.157907812500000000e+04
1.062014062500000000e+05
1.159909140625000000e+05
1.047271328125000000e+05
8.778698437500000000e+04
8.695736718750000000e+04
1.240230468750000000e+05
1.773232031250000000e+05
1.720114375000000000e+05
1.175391953125000000e+05
9.134496093750000000e+04
1.272860781250000000e+05
2.275042343750000000e+05
2.796402500000000000e+05
2.061970156250000000e+05
1.190583437500000000e+05
9.444835937500000000e+04
9.099028906250000000e+04
8.850271093750000000e+04
8.514514062500000000e+04
8.190808593750000000e+04
8.170446093750000000e+04
8.227003125000000000e+04
8.257907812500000000e+04
8.232964062500000000e+04
8.215332031250000000e+04
8.300935156250000000e+04
8.449969531250000000e+04
8.722625781250000000e+04
8.692516406250000000e+04
8.738556250000000000e+04
8.882599218750000000e+04
8.493053906250000000e+04
8.606005468750000000e+04
1.054545937500000000e+05
1.348822968750000000e+05
1.341760937500000000e+05
1.012877421875000000e+05
8.403646093750000000e+04
1.073502109375000000e+05
1.374654375000000000e+05
1.268864843750000000e+05
9.224985156250000000e+04
7.626403125000000000e+04
7.219342968750000000e+04
6.984675000000000000e+04
7.060183593750000000e+04
7.293043750000000000e+04
7.381960937500000000e+04
7.005360156250000000e+04
6.528070703125000000e+04
6.493038671875000000e+04
6.807540625000000000e+04
6.892121093750000000e+04
6.568600000000000000e+04
6.692579687500000000e+04
7.387677343750000000e+04
7.677206250000000000e+04
7.390778125000000000e+04
6.880461718750000000e+04
6.610949218750000000e+04
6.836290625000000000e+04
7.088087500000000000e+04
7.321728125000000000e+04
7.907472656250000000e+04
9.211068750000000000e+04
1.013843437500000000e+05
9.483058593750000000e+04
8.192433593750000000e+04
8.707554687500000000e+04
1.027280625000000000e+05
9.973778906250000000e+04
7.918783593750000000e+04
6.897408593750000000e+04
7.192679687500000000e+04
7.846648437500000000e+04
8.478021093750000000e+04
8.981529687500000000e+04
9.108232031250000000e+04
8.629185156250000000e+04
7.866039843750000000e+04
7.770451562500000000e+04
8.239058593750000000e+04
8.224814062500000000e+04
7.778968750000000000e+04
7.524512500000000000e+04
7.536329687500000000e+04
7.690610156250000000e+04
7.651819531250000000e+04
6.967432812500000000e+04
5.836857812500000000e+04
5.281448046875000000e+04
5.464780078125000000e+04
5.993285156250000000e+04
6.638515625000000000e+04
7.076289843750000000e+04
7.337246093750000000e+04
7.615395312500000000e+04
8.383183593750000000e+04
9.015043750000000000e+04
8.594057031250000000e+04
8.331679687500000000e+04
9.414733593750000000e+04
1.024098593750000000e+05
9.544393750000000000e+04
8.314089062500000000e+04
8.149916406250000000e+04
8.589173437500000000e+04
8.346141406250000000e+04
7.567473437500000000e+04
7.328291406250000000e+04
7.470879687500000000e+04
7.512078906250000000e+04
7.594773437500000000e+04
7.885419531250000000e+04
8.084844531250000000e+04
8.167994531250000000e+04
7.939810156250000000e+04
7.532368750000000000e+04
7.657219531250000000e+04
1.267771718750000000e+05
2.907958750000000000e+05
4.942440000000000000e+05
6.750714375000000000e+05
7.003035625000000000e+05
5.003678750000000000e+05
4.075531250000000000e+05
7.011116250000000000e+05
9.793436250000000000e+05
7.655052500000000000e+05
3.232026250000000000e+05
1.669970468750000000e+05
3.340850625000000000e+05
7.018498750000000000e+05
1.102366000000000000e+06
1.043722312500000000e+06
5.420392500000000000e+05
1.889430468750000000e+05
1.098885000000000000e+05
9.283775000000000000e+04
1.419648593750000000e+05
3.166400625000000000e+05
4.267997187500000000e+05
2.974565937500000000e+05
1.280375546875000000e+05
8.754078125000000000e+04
9.958437500000000000e+04
1.022427500000000000e+05
8.829126562500000000e+04
8.045546093750000000e+04
8.061981250000000000e+04
7.698145312500000000e+04
7.460600000000000000e+04
7.330817187500000000e+04
7.391914062500000000e+04
7.487116406250000000e+04
7.542514062500000000e+04
8.232928125000000000e+04
9.868835937500000000e+04
1.111839531250000000e+05
1.662957812500000000e+05
6.442545000000000000e+05
1.906854250000000000e+06
2.573123250000000000e+06
1.607804250000000000e+06
4.716199687500000000e+05
2.843901562500000000e+05
6.259251250000000000e+05
9.038343125000000000e+05
6.529420625000000000e+05
2.346477187500000000e+05
1.009723515625000000e+05
1.142546250000000000e+05
1.584595000000000000e+05
2.561416406250000000e+05
3.847189375000000000e+05
3.598438125000000000e+05
1.970469062500000000e+05
9.906455468750000000e+04
8.182519531250000000e+04
8.113528906250000000e+04
8.264614843750000000e+04
8.572047656250000000e+04
9.673968750000000000e+04
1.654009218750000000e+05
4.016730312500000000e+05
6.639538125000000000e+05
5.721945625000000000e+05
2.538140625000000000e+05
1.017403984375000000e+05
9.039177343750000000e+04
1.004118125000000000e+05
1.026347656250000000e+05
9.373745312500000000e+04
1.255570468750000000e+05
5.296830000000000000e+05
1.534624500000000000e+06
1.901717125000000000e+06
1.045030937500000000e+06
2.550880781250000000e+05
8.926787500000000000e+04
7.946353125000000000e+04
7.908724218750000000e+04
8.109660937500000000e+04
9.889855468750000000e+04
2.720757500000000000e+05
6.688525000000000000e+05
7.802030000000000000e+05
4.321062500000000000e+05
1.411570468750000000e+05
9.207070312500000000e+04
1.006916796875000000e+05
1.124925156250000000e+05
1.440617500000000000e+05
4.713553750000000000e+05
1.524357625000000000e+06
2.195541500000000000e+06
1.425351875000000000e+06
4.174741875000000000e+05
1.299326718750000000e+05
9.208117187500000000e+04
7.870896875000000000e+04
7.673546093750000000e+04
7.715201562500000000e+04
7.774269531250000000e+04
8.370271875000000000e+04
9.020784375000000000e+04
1.090443437500000000e+05
2.849466562500000000e+05
6.443287500000000000e+05
7.064859375000000000e+05
3.732758437500000000e+05
1.266536328125000000e+05
8.444494531250000000e+04
8.753004687500000000e+04
1.271400625000000000e+05
4.814050312500000000e+05
1.323548500000000000e+06
1.607085875000000000e+06
8.688660625000000000e+05
2.171848750000000000e+05
8.549457031250000000e+04
9.190125000000000000e+04
1.109486171875000000e+05
1.087300703125000000e+05
8.713734375000000000e+04
7.395147656250000000e+04
7.189629687500000000e+04
7.276580468750000000e+04
7.452935937500000000e+04
7.684582812500000000e+04
8.232939843750000000e+04
8.129762500000000000e+04
1.293817968750000000e+05
3.346660000000000000e+05
5.191708437500000000e+05
4.048095625000000000e+05
1.806987343750000000e+05
1.012420546875000000e+05
1.031716796875000000e+05
2.015668281250000000e+05
5.894640625000000000e+05
9.569501250000000000e+05
7.420531250000000000e+05
2.716923125000000000e+05
9.095058593750000000e+04
7.386108593750000000e+04
7.338928125000000000e+04
7.298203125000000000e+04
7.214282031250000000e+04
7.449065625000000000e+04
8.518655468750000000e+04
9.063072656250000000e+04
8.326071093750000000e+04
7.504271093750000000e+04
7.251253125000000000e+04
7.163539843750000000e+04
7.076972656250000000e+04
7.062646093750000000e+04
7.112350781250000000e+04
7.183182812500000000e+04
9.574443750000000000e+04
1.938236093750000000e+05
2.813972187500000000e+05
2.261394218750000000e+05
1.192972734375000000e+05
8.328794531250000000e+04
1.098792812500000000e+05
2.687374687500000000e+05
4.651666562500000000e+05
4.158945000000000000e+05
2.028357031250000000e+05
9.793412500000000000e+04
7.864646093750000000e+04
7.204643750000000000e+04
7.096839062500000000e+04
7.121529687500000000e+04
7.124810156250000000e+04
7.128149218750000000e+04
7.105964843750000000e+04
7.121748437500000000e+04
7.165358593750000000e+04
7.335385937500000000e+04
8.008803906250000000e+04
8.795340625000000000e+04
9.202298437500000000e+04
9.337488281250000000e+04
9.115941406250000000e+04
8.170628906250000000e+04
7.421464843750000000e+04
7.163315625000000000e+04
7.413006250000000000e+04
9.988198437500000000e+04
1.617652187500000000e+05
1.844851093750000000e+05
1.351803750000000000e+05
8.911481250000000000e+04
9.400661718750000000e+04
1.622606718750000000e+05
2.338571718750000000e+05
2.005453281250000000e+05
1.160269765625000000e+05
8.312389843750000000e+04
8.161907031250000000e+04
8.070559375000000000e+04
8.256496093750000000e+04
8.947114843750000000e+04
1.015756953125000000e+05
1.199911171875000000e+05
1.462324218750000000e+05
1.791714687500000000e+05
2.173649843750000000e+05
2.611656875000000000e+05
3.091751250000000000e+05
3.572737500000000000e+05
4.045890312500000000e+05
4.508531250000000000e+05
4.840998750000000000e+05
5.100078750000000000e+05
5.199265312500000000e+05
5.179289687500000000e+05
5.025996250000000000e+05
4.643614062500000000e+05
4.238323125000000000e+05
3.612132187500000000e+05
3.006910937500000000e+05
2.678277500000000000e+05
2.115124843750000000e+05
1.516572343750000000e+05
1.586887812500000000e+05
2.278735156250000000e+05
3.441756875000000000e+05
4.540085937500000000e+05
4.531491875000000000e+05
4.512877187500000000e+05
5.127516875000000000e+05
4.817073750000000000e+05
4.709208125000000000e+05
5.246462500000000000e+05
4.597080000000000000e+05
4.172426250000000000e+05
4.790880312500000000e+05
4.203179062500000000e+05
3.466150000000000000e+05
3.921130937500000000e+05
3.597893437500000000e+05
2.660334375000000000e+05
2.823440625000000000e+05
2.919790625000000000e+05
2.151008437500000000e+05
1.921308281250000000e+05
2.196497656250000000e+05
1.845728437500000000e+05
1.377100625000000000e+05
1.482470781250000000e+05
1.502942187500000000e+05
1.160489531250000000e+05
1.039534453125000000e+05
1.198109609375000000e+05
1.152800234375000000e+05
9.541170312500000000e+04
9.502589843750000000e+04
1.164491875000000000e+05
1.263965156250000000e+05
1.091116953125000000e+05
9.198564843750000000e+04
1.008545703125000000e+05
1.213582265625000000e+05
1.170117500000000000e+05
9.088501562500000000e+04
7.508800000000000000e+04
7.035954687500000000e+04
6.913974218750000000e+04
6.943018750000000000e+04
6.918105468750000000e+04
6.939981250000000000e+04
6.973971093750000000e+04
7.067297656250000000e+04
7.593214843750000000e+04
8.359839062500000000e+04
8.173361718750000000e+04
7.273905468750000000e+04
6.845982812500000000e+04
6.804300781250000000e+04
6.829351562500000000e+04
7.333537500000000000e+04
8.151364062500000000e+04
8.720927343750000000e+04
8.735211718750000000e+04
8.346570312500000000e+04
7.891339062500000000e+04
7.569665625000000000e+04
7.604518750000000000e+04
8.253772656250000000e+04
8.664200000000000000e+04
8.157433593750000000e+04
7.814876562500000000e+04
1.170141562500000000e+05
3.165018125000000000e+05
7.487511250000000000e+05
1.290645750000000000e+06
1.340055125000000000e+06
8.502285625000000000e+05
8.252160625000000000e+05
1.508275875000000000e+06
1.653546375000000000e+06
9.099032500000000000e+05
2.716279375000000000e+05
2.119498593750000000e+05
6.105713750000000000e+05
1.355612250000000000e+06
1.799204375000000000e+06
1.289022125000000000e+06
4.598961250000000000e+05
1.176336484375000000e+05
7.850746875000000000e+04
8.037962500000000000e+04
1.376682187500000000e+05
3.852620625000000000e+05
6.413270625000000000e+05
5.152227187500000000e+05
2.072300625000000000e+05
8.458390625000000000e+04
7.334844531250000000e+04
7.310219531250000000e+04
7.338600000000000000e+04
7.241326562500000000e+04
6.918481250000000000e+04
6.719347656250000000e+04
8.215772656250000000e+04
1.163295078125000000e+05
1.301992343750000000e+05
1.041948593750000000e+05
7.654676562500000000e+04
6.951720312500000000e+04
7.072635156250000000e+04
7.384035156250000000e+04
7.915279687500000000e+04
1.133049843750000000e+05
4.272712187500000000e+05
1.725494125000000000e+06
3.365528750000000000e+06
3.023949000000000000e+06
1.245049875000000000e+06
3.724146250000000000e+05
4.114530625000000000e+05
8.770258750000000000e+05
1.329750000000000000e+06
1.030829500000000000e+06
3.708567500000000000e+05
1.038199218750000000e+05
8.262993750000000000e+04
1.051980000000000000e+05
1.380728437500000000e+05
2.586972812500000000e+05
4.536619062500000000e+05
4.388040625000000000e+05
2.184560625000000000e+05
9.417054687500000000e+04
7.762781250000000000e+04
7.523164062500000000e+04
7.928596093750000000e+04
1.026270703125000000e+05
1.293480312500000000e+05
1.761025937500000000e+05
4.530689687500000000e+05
8.838963125000000000e+05
8.325308750000000000e+05
3.661479375000000000e+05
1.060324765625000000e+05
6.889516406250000000e+04
6.765855468750000000e+04
6.805755468750000000e+04
6.892026562500000000e+04
7.337351562500000000e+04
1.406341875000000000e+05
7.077914375000000000e+05
2.000529125000000000e+06
2.409057000000000000e+06
1.279462000000000000e+06
3.175223750000000000e+05
1.054155937500000000e+05
8.244442187500000000e+04
9.017313281250000000e+04
1.008362734375000000e+05
9.621653125000000000e+04
1.490349531250000000e+05
5.132281875000000000e+05
1.042583500000000000e+06
9.689288750000000000e+05
4.208294687500000000e+05
1.420240937500000000e+05
1.140895781250000000e+05
1.018836015625000000e+05
8.399315625000000000e+04
8.386562500000000000e+04
1.912886250000000000e+05
9.501185000000000000e+05
2.366260500000000000e+06
2.557229750000000000e+06
1.208785875000000000e+06
2.680330625000000000e+05
1.103083046875000000e+05
1.194748906250000000e+05
1.210151484375000000e+05
9.777885937500000000e+04
7.980016406250000000e+04
8.130142187500000000e+04
8.838263281250000000e+04
8.803255468750000000e+04
8.658730468750000000e+04
1.606381875000000000e+05
5.141992187500000000e+05
9.264867500000000000e+05
7.783093750000000000e+05
3.012510937500000000e+05
9.131598437500000000e+04
6.705042187500000000e+04
6.539714062500000000e+04
7.323857812500000000e+04
2.248975156250000000e+05
9.726376875000000000e+05
1.896494500000000000e+06
1.656571125000000000e+06
6.291505000000000000e+05
1.292544218750000000e+05
6.497363281250000000e+04
6.135765625000000000e+04
6.414937109375000000e+04
7.341621093750000000e+04
7.754131250000000000e+04
7.238405468750000000e+04
6.544226953125000000e+04
6.581460937500000000e+04
7.291882812500000000e+04
8.187661718750000000e+04
9.172804687500000000e+04
9.584105468750000000e+04
9.755911718750000000e+04
1.634589218750000000e+05
3.743661875000000000e+05
5.215423125000000000e+05
3.747217187500000000e+05
1.591807500000000000e+05
9.138983593750000000e+04
7.550585937500000000e+04
8.259485156250000000e+04
2.358773906250000000e+05
7.459113125000000000e+05
1.141255250000000000e+06
8.097103125000000000e+05
2.598131718750000000e+05
7.142605468750000000e+04
5.282195703125000000e+04
5.173560156250000000e+04
5.111188671875000000e+04
5.137544921875000000e+04
5.088889843750000000e+04
4.721567187500000000e+04
5.071175781250000000e+04
6.751584375000000000e+04
8.181718750000000000e+04
7.408851562500000000e+04
5.750057031250000000e+04
5.669792187500000000e+04
7.147721093750000000e+04
8.005796875000000000e+04
7.357427343750000000e+04
6.588848437500000000e+04
7.423372656250000000e+04
1.618620937500000000e+05
3.420440625000000000e+05
3.930698750000000000e+05
2.345212656250000000e+05
1.049164062500000000e+05
8.474734375000000000e+04
1.030381015625000000e+05
2.474641718750000000e+05
5.778082500000000000e+05
7.075648750000000000e+05
4.300449062500000000e+05
1.482756562500000000e+05
8.282225781250000000e+04
8.492230468750000000e+04
8.139192187500000000e+04
6.947945312500000000e+04
6.548051171875000000e+04
7.575967968750000000e+04
9.035509375000000000e+04
9.471725000000000000e+04
9.453299218750000000e+04
9.459226562500000000e+04
8.396225781250000000e+04
6.923866406250000000e+04
6.393378906250000000e+04
6.637888281250000000e+04
6.380624218750000000e+04
5.721065625000000000e+04
5.733357812500000000e+04
6.741530468750000000e+04
7.619552343750000000e+04
7.310332031250000000e+04
6.503882031250000000e+04
7.535569531250000000e+04
1.304469140625000000e+05
1.959373437500000000e+05
1.887415468750000000e+05
1.224073984375000000e+05
8.637464843750000000e+04
9.643596875000000000e+04
1.935594531250000000e+05
3.733060937500000000e+05
4.103908437500000000e+05
2.408510312500000000e+05
9.731475781250000000e+04
6.913000781250000000e+04
7.389126562500000000e+04
7.623420312500000000e+04
7.592065625000000000e+04
7.377217187500000000e+04
6.854183593750000000e+04
6.354596484375000000e+04
6.623528125000000000e+04
7.362892968750000000e+04
7.761338281250000000e+04
7.704486718750000000e+04
7.465538281250000000e+04
7.051896093750000000e+04
6.654357812500000000e+04
6.883820312500000000e+04
7.587769531250000000e+04
7.840387500000000000e+04
7.510561718750000000e+04
7.879244531250000000e+04
8.817662500000000000e+04
9.051385937500000000e+04
8.856937500000000000e+04
9.042164843750000000e+04
9.530705468750000000e+04
9.982804687500000000e+04
1.187419218750000000e+05
1.726960781250000000e+05
2.148347343750000000e+05
1.858262343750000000e+05
1.389782656250000000e+05
1.414708750000000000e+05
2.053654687500000000e+05
3.041301875000000000e+05
3.198326562500000000e+05
2.164545468750000000e+05
1.270055625000000000e+05
1.028718203125000000e+05
1.006695937500000000e+05
1.013245234375000000e+05
9.831664843750000000e+04
9.173478125000000000e+04
8.984217187500000000e+04
9.489012500000000000e+04
1.045019062500000000e+05
1.107242812500000000e+05
1.109698046875000000e+05
1.070369296875000000e+05
1.027562578125000000e+05
1.051864140625000000e+05
1.110650078125000000e+05
1.121213593750000000e+05
1.090741953125000000e+05
1.057771875000000000e+05
1.032669843750000000e+05
1.057205468750000000e+05
1.140609843750000000e+05
1.239207578125000000e+05
1.300786406250000000e+05
1.326284062500000000e+05
1.328296093750000000e+05
1.285157578125000000e+05
1.257521875000000000e+05
1.314155937500000000e+05
1.352274218750000000e+05
1.380964062500000000e+05
1.744279375000000000e+05
2.619799062500000000e+05
2.988050625000000000e+05
2.383322656250000000e+05
1.791278125000000000e+05
2.128393437500000000e+05
3.143642187500000000e+05
3.695390625000000000e+05
2.985894375000000000e+05
1.984250000000000000e+05
1.534449062500000000e+05
1.411155000000000000e+05
1.403905000000000000e+05
1.372912187500000000e+05
1.302769140625000000e+05
1.258233828125000000e+05
1.298978515625000000e+05
1.336742968750000000e+05
1.310312890625000000e+05
1.329137500000000000e+05
1.568039531250000000e+05
1.908129531250000000e+05
2.033912500000000000e+05
1.991402656250000000e+05
1.893522031250000000e+05
1.741911406250000000e+05
1.538958906250000000e+05
1.357635000000000000e+05
1.318154062500000000e+05
1.484684062500000000e+05
1.706134218750000000e+05
1.683052812500000000e+05
1.468315156250000000e+05
1.346443906250000000e+05
1.308544609375000000e+05
1.270590312500000000e+05
1.237786796875000000e+05
1.213651718750000000e+05
1.197796171875000000e+05
1.134294218750000000e+05
1.070807656250000000e+05
1.071073437500000000e+05
1.149188281250000000e+05
1.316172812500000000e+05
1.676393281250000000e+05
1.887649062500000000e+05
1.676655937500000000e+05
1.385930781250000000e+05
1.480005468750000000e+05
1.780932343750000000e+05
1.676151875000000000e+05
1.224381406250000000e+05
9.693798437500000000e+04
9.428238281250000000e+04
1.103444687500000000e+05
2.688963125000000000e+05
8.405161250000000000e+05
1.570841500000000000e+06
1.601239375000000000e+06
1.109781375000000000e+06
1.440758750000000000e+06
2.361574750000000000e+06
1.973887250000000000e+06
8.173572500000000000e+05
2.624488125000000000e+05
1.665820937500000000e+05
2.679722812500000000e+05
5.256510000000000000e+05
4.430877500000000000e+05
1.025079687500000000e+05
0.000000000000000000e+00
0.000000000000000000e+00
0.000000000000000000e+00
0.000000000000000000e+00
0.000000000000000000e+00
0.000000000000000000e+00
0.000000000000000000e+00
0.000000000000000000e+00
0.000000000000000000e+00
0.000000000000000000e+00
0.000000000000000000e+00
0.000000000000000000e+00
0.000000000000000000e+00
0.000000000000000000e+00
0.000000000000000000e+00
0.000000000000000000e+00
0.000000000000000000e+00
0.000000000000000000e+00
0.000000000000000000e+00
0.000000000000000000e+00
0.000000000000000000e+00
0.000000000000000000e+00
0.000000000000000000e+00
0.000000000000000000e+00
0.000000000000000000e+00
0.000000000000000000e+00
0.000000000000000000e+00
0.000000000000000000e+00
0.000000000000000000e+00
0.000000000000000000e+00
0.000000000000000000e+00
0.000000000000000000e+00
0.000000000000000000e+00
0.000000000000000000e+00
0.000000000000000000e+00
0.000000000000000000e+00
0.000000000000000000e+00
0.000000000000000000e+00
0.000000000000000000e+00
0.000000000000000000e+00
0.000000000000000000e+00
0.000000000000000000e+00
0.000000000000000000e+00
0.000000000000000000e+00
0.000000000000000000e+00
0.000000000000000000e+00
0.000000000000000000e+00
0.000000000000000000e+00
0.000000000000000000e+00
0.000000000000000000e+00
0.000000000000000000e+00
0.000000000000000000e+00
0.000000000000000000e+00
0.000000000000000000e+00
0.000000000000000000e+00
0.000000000000000000e+00
0.000000000000000000e+00
0.000000000000000000e+00
0.000000000000000000e+00
0.000000000000000000e+00
0.000000000000000000e+00
0.000000000000000000e+00
0.000000000000000000e+00
0.000000000000000000e+00
0.000000000000000000e+00
