8.959532737731933594e+00
5.400609016418457031e+00
5.414047241210937500e+00
7.308068275451660156e+00
7.848863601684570312e+00
7.434608936309814453e+00
7.377082824707031250e+00
9.208837509155273438e+00
9.264369010925292969e+00
9.397040367126464844e+00
1.056717205047607422e+01
1.150408744812011719e+01
1.113257408142089844e+01
1.112234783172607422e+01
1.131608963012695312e+01
1.271763229370117188e+01
1.219273853302001953e+01
1.115886878967285156e+01
1.024886035919189453e+01
1.057812309265136719e+01
1.090485382080078125e+01
1.009587287902832031e+01
8.944360733032226562e+00
1.015826702117919922e+01
9.888670921325683594e+00
9.364549636840820312e+00
9.117310523986816406e+00
8.341285705566406250e+00
8.581902503967285156e+00
8.426057815551757812e+00
7.875021457672119141e+00
7.712991714477539062e+00
7.937020778656005859e+00
7.686101913452148438e+00
7.268091678619384766e+00
7.529232025146484375e+00
7.698685646057128906e+00
7.722004890441894531e+00
7.024029731750488281e+00
7.130890846252441406e+00
7.719310283660888672e+00
7.141773700714111328e+00
7.220991611480712891e+00
7.854532718658447266e+00
7.218943119049072266e+00
6.993606567382812500e+00
6.789299964904785156e+00
6.784693241119384766e+00
6.625784873962402344e+00
7.387214660644531250e+00
7.087944030761718750e+00
6.953034400939941406e+00
6.928125858306884766e+00
7.107444763183593750e+00
6.832834720611572266e+00
7.214272499084472656e+00
7.339067935943603516e+00
6.993919849395751953e+00
7.062039375305175781e+00
7.542753219604492188e+00
7.109249114990234375e+00
7.133384227752685547e+00
7.603926181793212891e+00
7.536122798919677734e+00
8.261124610900878906e+00
7.839247226715087891e+00
7.868540287017822266e+00
7.869706153869628906e+00
7.764976024627685547e+00
8.052988052368164062e+00
7.534298419952392578e+00
7.446089744567871094e+00
7.978201866149902344e+00
7.656645298004150391e+00
7.457713603973388672e+00
8.144554138183593750e+00
7.707258224487304688e+00
7.420301437377929688e+00
7.645462512969970703e+00
7.631707191467285156e+00
7.334230899810791016e+00
7.041154861450195312e+00
7.283061981201171875e+00
7.244513988494873047e+00
7.097784519195556641e+00
7.107736110687255859e+00
6.884971618652343750e+00
7.122169494628906250e+00
7.489850044250488281e+00
7.881042003631591797e+00
8.412578582763671875e+00
8.581937789916992188e+00
8.941301345825195312e+00
8.126482009887695312e+00
7.305057525634765625e+00
7.692532539367675781e+00
8.046938896179199219e+00
8.120170593261718750e+00
7.975182533264160156e+00
7.875487327575683594e+00
8.537691116333007812e+00
8.609975814819335938e+00
8.584008216857910156e+00
8.823034286499023438e+00
8.510718345642089844e+00
9.107374191284179688e+00
8.499757766723632812e+00
7.962311267852783203e+00
8.025573730468750000e+00
8.619887351989746094e+00
7.650734901428222656e+00
7.893743991851806641e+00
7.961707592010498047e+00
8.110536575317382812e+00
8.080398559570312500e+00
8.605205535888671875e+00
8.099693298339843750e+00
8.204149246215820312e+00
8.149402618408203125e+00
7.881872653961181641e+00
8.196577072143554688e+00
7.673379421234130859e+00
8.243141174316406250e+00
7.911084175109863281e+00
7.439270973205566406e+00
7.466711521148681641e+00
7.609877109527587891e+00
7.613647460937500000e+00
7.750708580017089844e+00
7.554464817047119141e+00
7.785138130187988281e+00
7.239533424377441406e+00
7.893909931182861328e+00
7.999420642852783203e+00
8.056243896484375000e+00
8.385857582092285156e+00
8.221387863159179688e+00
7.987992286682128906e+00
8.320997238159179688e+00
8.843269348144531250e+00
8.208429336547851562e+00
8.053804397583007812e+00
8.229897499084472656e+00
7.980030536651611328e+00
8.341226577758789062e+00
8.235396385192871094e+00
8.228763580322265625e+00
8.273447036743164062e+00
7.898241043090820312e+00
7.828960418701171875e+00
7.750241279602050781e+00
7.994949817657470703e+00
8.103018760681152344e+00
8.527536392211914062e+00
8.652379989624023438e+00
8.588697433471679688e+00
7.919009208679199219e+00
8.174193382263183594e+00
7.935281276702880859e+00
7.405975818634033203e+00
7.740912437438964844e+00
7.996783733367919922e+00
8.069879531860351562e+00
8.178265571594238281e+00
8.697948455810546875e+00
8.447249412536621094e+00
8.324341773986816406e+00
8.005990982055664062e+00
8.118360519409179688e+00
8.215991020202636719e+00
7.967658042907714844e+00
8.219084739685058594e+00
8.242088317871093750e+00
8.455707550048828125e+00
8.503667831420898438e+00
8.997753143310546875e+00
9.220650672912597656e+00
8.383426666259765625e+00
9.310257911682128906e+00
8.812705993652343750e+00
8.229273796081542969e+00
8.156936645507812500e+00
8.523453712463378906e+00
8.398097991943359375e+00
8.608672142028808594e+00
8.226188659667968750e+00
8.418512344360351562e+00
8.583473205566406250e+00
9.254710197448730469e+00
9.880483627319335938e+00
1.054317092895507812e+01
1.081341934204101562e+01
1.051010704040527344e+01
1.037950897216796875e+01
9.900021553039550781e+00
9.584427833557128906e+00
8.823945045471191406e+00
9.373920440673828125e+00
8.851972579956054688e+00
8.762807846069335938e+00
9.116355895996093750e+00
9.280920028686523438e+00
9.296123504638671875e+00
9.431634902954101562e+00
9.449304580688476562e+00
9.710509300231933594e+00
9.474837303161621094e+00
9.418305397033691406e+00
9.213669776916503906e+00
8.996404647827148438e+00
9.008417129516601562e+00
8.574998855590820312e+00
9.105551719665527344e+00
8.742031097412109375e+00
9.107951164245605469e+00
8.948442459106445312e+00
8.237646102905273438e+00
8.232374191284179688e+00
8.284357070922851562e+00
8.639772415161132812e+00
9.089976310729980469e+00
8.726413726806640625e+00
9.230184555053710938e+00
9.275840759277343750e+00
8.473093032836914062e+00
8.742548942565917969e+00
9.345474243164062500e+00
8.793077468872070312e+00
8.115481376647949219e+00
8.126876831054687500e+00
8.205106735229492188e+00
8.540918350219726562e+00
8.688797950744628906e+00
9.072057723999023438e+00
8.940477371215820312e+00
8.722789764404296875e+00
8.543355941772460938e+00
8.404281616210937500e+00
8.624562263488769531e+00
8.351911544799804688e+00
8.334316253662109375e+00
8.454208374023437500e+00
8.462027549743652344e+00
8.304368972778320312e+00
8.189020156860351562e+00
8.193605422973632812e+00
8.223072052001953125e+00
8.361322402954101562e+00
8.527925491333007812e+00
8.605482101440429688e+00
8.734391212463378906e+00
8.982378959655761719e+00
8.895721435546875000e+00
9.154463768005371094e+00
9.361041069030761719e+00
9.326824188232421875e+00
9.179768562316894531e+00
9.410910606384277344e+00
9.188403129577636719e+00
9.236414909362792969e+00
9.497767448425292969e+00
9.954042434692382812e+00
1.066864776611328125e+01
1.149340343475341797e+01
1.142564010620117188e+01
1.156283473968505859e+01
1.171539974212646484e+01
1.134304428100585938e+01
1.106049537658691406e+01
1.147235488891601562e+01
1.105229949951171875e+01
1.126002407073974609e+01
1.128892898559570312e+01
1.057146930694580078e+01
1.056916427612304688e+01
1.040066432952880859e+01
9.896228790283203125e+00
9.766585350036621094e+00
9.438013076782226562e+00
9.635242462158203125e+00
9.759168624877929688e+00
9.769814491271972656e+00
9.655435562133789062e+00
9.414551734924316406e+00
8.541955947875976562e+00
8.785437583923339844e+00
8.668053627014160156e+00
8.840242385864257812e+00
8.861527442932128906e+00
8.628492355346679688e+00
8.237134933471679688e+00
8.194156646728515625e+00
7.976120948791503906e+00
8.599832534790039062e+00
9.365918159484863281e+00
1.039657497406005859e+01
1.091555500030517578e+01
1.094263362884521484e+01
1.098377513885498047e+01
1.027094173431396484e+01
1.073467159271240234e+01
1.047655963897705078e+01
1.085791301727294922e+01
1.095040512084960938e+01
1.079573059082031250e+01
1.063434123992919922e+01
1.028264999389648438e+01
1.040722846984863281e+01
1.053850364685058594e+01
1.061269950866699219e+01
1.066802024841308594e+01
1.081733894348144531e+01
1.073812866210937500e+01
1.070830154418945312e+01
9.907463073730468750e+00
9.829310417175292969e+00
1.021385955810546875e+01
9.611162185668945312e+00
9.245386123657226562e+00
8.972698211669921875e+00
9.396055221557617188e+00
8.917585372924804688e+00
8.551919937133789062e+00
8.149877548217773438e+00
8.319490432739257812e+00
8.176246643066406250e+00
9.081668853759765625e+00
9.554409027099609375e+00
9.996545791625976562e+00
1.062852573394775391e+01
1.117913436889648438e+01
1.118089294433593750e+01
1.141685676574707031e+01
1.120388031005859375e+01
1.161754035949707031e+01
1.132314395904541016e+01
1.168396282196044922e+01
1.150381565093994141e+01
1.148361110687255859e+01
1.125443267822265625e+01
1.115878105163574219e+01
1.102746486663818359e+01
1.097492504119873047e+01
1.154764747619628906e+01
1.152643394470214844e+01
1.159180164337158203e+01
1.201756477355957031e+01
1.180086326599121094e+01
1.180847835540771484e+01
1.077857208251953125e+01
1.074432182312011719e+01
1.084714508056640625e+01
1.189311504364013672e+01
1.202340507507324219e+01
1.217704200744628906e+01
1.168864917755126953e+01
1.202124404907226562e+01
1.213146209716796875e+01
1.135033226013183594e+01
1.160494422912597656e+01
1.218992137908935547e+01
1.318544960021972656e+01
1.327636146545410156e+01
1.415032291412353516e+01
1.365583992004394531e+01
1.355808544158935547e+01
1.414059543609619141e+01
1.329064464569091797e+01
1.316215705871582031e+01
1.284156131744384766e+01
1.253414058685302734e+01
1.223083782196044922e+01
1.305158615112304688e+01
1.245846652984619141e+01
1.260761642456054688e+01
1.288382339477539062e+01
1.202891826629638672e+01
1.241587257385253906e+01
1.232949924468994141e+01
1.262966728210449219e+01
1.278481960296630859e+01
1.292947673797607422e+01
1.252564239501953125e+01
1.212659168243408203e+01
1.191639137268066406e+01
1.214441299438476562e+01
1.167376899719238281e+01
1.232917213439941406e+01
1.264840698242187500e+01
1.261439132690429688e+01
1.353947639465332031e+01
1.351584911346435547e+01
1.350060081481933594e+01
1.396599769592285156e+01
1.546010208129882812e+01
1.499955368041992188e+01
1.432073020935058594e+01
1.383645057678222656e+01
1.340077304840087891e+01
1.396196460723876953e+01
1.407669544219970703e+01
1.411344528198242188e+01
1.478132915496826172e+01
1.343320083618164062e+01
1.330311584472656250e+01
1.254588222503662109e+01
1.322373962402343750e+01
1.326544380187988281e+01
1.202852725982666016e+01
1.254574203491210938e+01
1.319713783264160156e+01
1.381126880645751953e+01
1.413348579406738281e+01
1.399771022796630859e+01
1.399617004394531250e+01
1.402017974853515625e+01
1.523494625091552734e+01
1.526337432861328125e+01
1.443394565582275391e+01
1.475858020782470703e+01
1.486535358428955078e+01
1.462422943115234375e+01
1.467601299285888672e+01
1.417962646484375000e+01
1.386560916900634766e+01
1.380487632751464844e+01
1.460174369812011719e+01
1.538840293884277344e+01
1.416594886779785156e+01
1.349030208587646484e+01
1.416927528381347656e+01
1.474265670776367188e+01
1.461351966857910156e+01
1.358520793914794922e+01
1.330896949768066406e+01
1.346961307525634766e+01
1.449607944488525391e+01
1.436108207702636719e+01
1.366011428833007812e+01
1.387085342407226562e+01
1.398185920715332031e+01
1.347146320343017578e+01
1.323338413238525391e+01
1.385672760009765625e+01
1.351633071899414062e+01
1.335002899169921875e+01
1.311555576324462891e+01
1.276988697052001953e+01
1.277544593811035156e+01
1.274204254150390625e+01
1.295320987701416016e+01
1.228236389160156250e+01
1.172170829772949219e+01
1.200249195098876953e+01
1.201336002349853516e+01
1.199322986602783203e+01
1.268317127227783203e+01
1.295063495635986328e+01
1.324004268646240234e+01
1.332900619506835938e+01
1.259751510620117188e+01
1.313661766052246094e+01
1.298791313171386719e+01
1.320572471618652344e+01
1.365690612792968750e+01
1.370909023284912109e+01
1.326651000976562500e+01
1.257711410522460938e+01
1.281427192687988281e+01
1.315742588043212891e+01
1.347080612182617188e+01
1.363696098327636719e+01
1.424590110778808594e+01
1.448736667633056641e+01
1.453664875030517578e+01
1.399091720581054688e+01
1.454783344268798828e+01
1.432187175750732422e+01
1.403062725067138672e+01
1.369018840789794922e+01
1.398660945892333984e+01
1.368505001068115234e+01
1.357800006866455078e+01
1.375449752807617188e+01
1.478192996978759766e+01
1.468031787872314453e+01
1.513664817810058594e+01
1.502293014526367188e+01
1.488678264617919922e+01
1.411660575866699219e+01
1.329121208190917969e+01
1.311545753479003906e+01
1.279273414611816406e+01
1.360478115081787109e+01
1.426528644561767578e+01
1.419916057586669922e+01
1.340625095367431641e+01
1.300263977050781250e+01
1.241590118408203125e+01
1.296166801452636719e+01
1.302187156677246094e+01
1.325299644470214844e+01
1.432940959930419922e+01
1.520668601989746094e+01
1.565100860595703125e+01
1.619872856140136719e+01
1.526456546783447266e+01
1.503358078002929688e+01
1.506382083892822266e+01
1.571955871582031250e+01
1.563148021697998047e+01
1.659189414978027344e+01
1.701708602905273438e+01
1.683750534057617188e+01
1.686545944213867188e+01
1.669368743896484375e+01
1.764429283142089844e+01
1.717861175537109375e+01
1.678137207031250000e+01
1.627393531799316406e+01
1.608687591552734375e+01
1.558276939392089844e+01
1.544377326965332031e+01
1.534317970275878906e+01
1.463529872894287109e+01
1.487907314300537109e+01
1.522553825378417969e+01
1.534937477111816406e+01
1.515588951110839844e+01
1.491992187500000000e+01
1.515281677246093750e+01
1.495058250427246094e+01
1.486383152008056641e+01
1.423435783386230469e+01
1.370837211608886719e+01
1.365899085998535156e+01
1.462389755249023438e+01
1.490197753906250000e+01
1.430906295776367188e+01
1.460076808929443359e+01
1.471529579162597656e+01
1.475297927856445312e+01
1.427058601379394531e+01
1.375954723358154297e+01
1.304830455780029297e+01
1.341933822631835938e+01
1.378198528289794922e+01
1.343760776519775391e+01
1.365971088409423828e+01
1.343667030334472656e+01
1.320142459869384766e+01
1.367069721221923828e+01
1.440586853027343750e+01
1.513026714324951172e+01
1.567377376556396484e+01
1.496345710754394531e+01
1.381566715240478516e+01
1.380501747131347656e+01
1.370995330810546875e+01
1.395236587524414062e+01
1.414138984680175781e+01
1.399152374267578125e+01
1.401312732696533203e+01
1.390354347229003906e+01
1.367373657226562500e+01
1.376506519317626953e+01
1.403848361968994141e+01
1.438697433471679688e+01
1.345704841613769531e+01
1.383658695220947266e+01
1.355186653137207031e+01
1.257645702362060547e+01
1.226789093017578125e+01
1.244092082977294922e+01
1.341267395019531250e+01
1.375405693054199219e+01
1.430971336364746094e+01
1.391189765930175781e+01
1.381943798065185547e+01
1.428809738159179688e+01
1.345234966278076172e+01
1.373915672302246094e+01
1.360495185852050781e+01
1.360912704467773438e+01
1.370220756530761719e+01
1.348445034027099609e+01
1.488883113861083984e+01
1.426586627960205078e+01
1.351035976409912109e+01
1.438162136077880859e+01
1.475378322601318359e+01
1.521024513244628906e+01
1.499348258972167969e+01
1.433475780487060547e+01
1.448088264465332031e+01
1.487671089172363281e+01
1.531388759613037109e+01
1.537040328979492188e+01
1.490184020996093750e+01
1.446584033966064453e+01
1.470850944519042969e+01
1.563763236999511719e+01
1.542093372344970703e+01
1.467909812927246094e+01
1.387475109100341797e+01
1.356351184844970703e+01
1.452728557586669922e+01
1.479913997650146484e+01
1.522922325134277344e+01
1.496736145019531250e+01
1.519926738739013672e+01
1.504467391967773438e+01
1.506726551055908203e+01
1.472186279296875000e+01
1.476194667816162109e+01
1.400966262817382812e+01
1.424669265747070312e+01
1.409422206878662109e+01
1.379804706573486328e+01
1.492679595947265625e+01
1.543786048889160156e+01
1.559473991394042969e+01
1.489842033386230469e+01
1.477851295471191406e+01
1.428389739990234375e+01
1.463041305541992188e+01
1.500777816772460938e+01
1.526695251464843750e+01
1.471101570129394531e+01
1.445349407196044922e+01
1.427602100372314453e+01
1.373788070678710938e+01
1.351080513000488281e+01
1.335276508331298828e+01
1.394930744171142578e+01
1.529829120635986328e+01
1.506704711914062500e+01
1.483001518249511719e+01
1.474113559722900391e+01
1.470658588409423828e+01
1.458951282501220703e+01
1.352923774719238281e+01
1.327739524841308594e+01
1.300079917907714844e+01
1.280403327941894531e+01
1.241233253479003906e+01
1.283989143371582031e+01
1.312042522430419922e+01
1.375248336791992188e+01
1.306750488281250000e+01
1.351865959167480469e+01
1.315927219390869141e+01
1.339547157287597656e+01
1.389320755004882812e+01
1.482654190063476562e+01
1.481598091125488281e+01
1.602879905700683594e+01
1.685531234741210938e+01
1.707528114318847656e+01
1.722957229614257812e+01
1.706705856323242188e+01
1.687931060791015625e+01
1.671402359008789062e+01
1.660330200195312500e+01
1.556176185607910156e+01
1.379363822937011719e+01
1.300549221038818359e+01
1.427459144592285156e+01
1.519533443450927734e+01
1.549102020263671875e+01
1.530688762664794922e+01
1.551455783843994141e+01
1.559710502624511719e+01
1.571138286590576172e+01
1.586338424682617188e+01
1.570016193389892578e+01
1.619671821594238281e+01
1.581397533416748047e+01
1.533457088470458984e+01
1.478310394287109375e+01
1.384482574462890625e+01
1.392192649841308594e+01
1.421510314941406250e+01
1.471230220794677734e+01
1.565772819519042969e+01
1.540577507019042969e+01
1.540202522277832031e+01
1.562203598022460938e+01
1.600780487060546875e+01
1.648754692077636719e+01
1.613160324096679688e+01
1.604550743103027344e+01
1.523074817657470703e+01
1.482447433471679688e+01
1.550501728057861328e+01
1.511317443847656250e+01
1.560537338256835938e+01
1.686756896972656250e+01
1.774079322814941406e+01
1.718870353698730469e+01
1.673962211608886719e+01
1.691876029968261719e+01
1.705690193176269531e+01
1.720539283752441406e+01
1.638993263244628906e+01
1.594367027282714844e+01
1.638930320739746094e+01
1.628318405151367188e+01
1.652879524230957031e+01
1.633046722412109375e+01
1.585087966918945312e+01
1.573701477050781250e+01
1.568693447113037109e+01
1.566195869445800781e+01
1.568890953063964844e+01
1.587320232391357422e+01
1.756140136718750000e+01
1.765248870849609375e+01
1.713599777221679688e+01
1.696999549865722656e+01
1.699111175537109375e+01
1.616402626037597656e+01
1.501402854919433594e+01
1.452020645141601562e+01
1.520966148376464844e+01
1.570634746551513672e+01
1.581625556945800781e+01
1.602518081665039062e+01
1.593850803375244141e+01
1.570617485046386719e+01
1.605681037902832031e+01
1.651311111450195312e+01
1.651947402954101562e+01
1.650476646423339844e+01
1.644502449035644531e+01
1.634469985961914062e+01
1.749305534362792969e+01
1.731041336059570312e+01
1.658540916442871094e+01
1.668422508239746094e+01
1.765542984008789062e+01
1.868286895751953125e+01
1.835211563110351562e+01
1.880619621276855469e+01
1.930223083496093750e+01
2.015414047241210938e+01
2.022380256652832031e+01
2.008295822143554688e+01
2.055151176452636719e+01
2.023200798034667969e+01
2.066544151306152344e+01
2.153149414062500000e+01
1.979757690429687500e+01
1.936151313781738281e+01
2.010365676879882812e+01
2.024035644531250000e+01
2.011773872375488281e+01
1.967939567565917969e+01
2.123214721679687500e+01
2.129786109924316406e+01
2.002862167358398438e+01
1.917053413391113281e+01
2.029328536987304688e+01
2.037465667724609375e+01
2.058237457275390625e+01
2.005542373657226562e+01
1.986780738830566406e+01
1.952396583557128906e+01
1.899528884887695312e+01
1.929421806335449219e+01
2.026279067993164062e+01
1.911170768737792969e+01
1.767135047912597656e+01
1.800346183776855469e+01
1.876813125610351562e+01
2.011894798278808594e+01
2.052995681762695312e+01
2.015457534790039062e+01
1.960497856140136719e+01
1.821099281311035156e+01
1.769024467468261719e+01
1.860975646972656250e+01
1.929889869689941406e+01
1.992451477050781250e+01
1.979135894775390625e+01
1.910041046142578125e+01
1.881988525390625000e+01
1.944314956665039062e+01
1.898468399047851562e+01
1.887894630432128906e+01
1.855719947814941406e+01
1.742115402221679688e+01
1.704615020751953125e+01
1.758818244934082031e+01
1.767077445983886719e+01
1.785307502746582031e+01
1.739239501953125000e+01
1.781544876098632812e+01
1.718728446960449219e+01
1.764694976806640625e+01
1.799420547485351562e+01
1.838515853881835938e+01
1.852193832397460938e+01
1.825359344482421875e+01
1.843728256225585938e+01
1.806596565246582031e+01
1.812616348266601562e+01
1.775619125366210938e+01
1.819494056701660156e+01
1.845641136169433594e+01
1.889739418029785156e+01
1.928816795349121094e+01
1.879153442382812500e+01
1.878572845458984375e+01
1.832135963439941406e+01
1.828782844543457031e+01
1.762748336791992188e+01
1.692239952087402344e+01
1.753471374511718750e+01
1.933648872375488281e+01
1.950505828857421875e+01
2.000582885742187500e+01
1.999487686157226562e+01
1.899944686889648438e+01
1.806157684326171875e+01
1.815146446228027344e+01
1.834358596801757812e+01
1.911271286010742188e+01
1.918273925781250000e+01
1.881266212463378906e+01
1.916769409179687500e+01
1.907072067260742188e+01
1.916093254089355469e+01
1.948560523986816406e+01
1.948676109313964844e+01
1.953497505187988281e+01
1.903594017028808594e+01
1.932684135437011719e+01
1.959404373168945312e+01
1.952021980285644531e+01
1.985304260253906250e+01
2.002563476562500000e+01
2.015635299682617188e+01
1.942557907104492188e+01
1.963267517089843750e+01
1.971661949157714844e+01
1.976963996887207031e+01
1.993562316894531250e+01
1.951691055297851562e+01
1.939684677124023438e+01
1.874571228027343750e+01
1.895019340515136719e+01
1.917499351501464844e+01
1.944154930114746094e+01
1.934509658813476562e+01
2.024136543273925781e+01
2.043436813354492188e+01
1.992963218688964844e+01
1.971532821655273438e+01
1.946196365356445312e+01
1.936402511596679688e+01
1.927286148071289062e+01
1.954805374145507812e+01
1.945673751831054688e+01
2.030195999145507812e+01
2.092371749877929688e+01
2.142539787292480469e+01
2.117072486877441406e+01
2.046202087402343750e+01
2.031090736389160156e+01
2.064253807067871094e+01
2.126678848266601562e+01
2.162713432312011719e+01
2.131307983398437500e+01
2.026900482177734375e+01
2.033243179321289062e+01
2.125183296203613281e+01
2.099524307250976562e+01
2.110380554199218750e+01
2.102409362792968750e+01
2.134966659545898438e+01
2.119673919677734375e+01
2.003787803649902344e+01
1.943201065063476562e+01
2.055020332336425781e+01
2.087070274353027344e+01
2.072069358825683594e+01
2.040323066711425781e+01
1.982033538818359375e+01
1.891375350952148438e+01
1.947199058532714844e+01
1.988626861572265625e+01
2.082530975341796875e+01
2.040758323669433594e+01
2.047642326354980469e+01
2.070559692382812500e+01
1.937755584716796875e+01
1.910674476623535156e+01
1.924108123779296875e+01
1.878427314758300781e+01
1.944841003417968750e+01
1.984793472290039062e+01
2.022963333129882812e+01
2.065863990783691406e+01
1.977970695495605469e+01
1.975616455078125000e+01
1.987580108642578125e+01
1.948821449279785156e+01
1.987905502319335938e+01
2.029907989501953125e+01
2.047273445129394531e+01
2.025316047668457031e+01
2.081294822692871094e+01
2.024542236328125000e+01
2.044782447814941406e+01
2.014476776123046875e+01
2.034023666381835938e+01
2.051464080810546875e+01
2.029417419433593750e+01
2.017033386230468750e+01
2.080859756469726562e+01
2.035811424255371094e+01
1.991165924072265625e+01
1.918940353393554688e+01
1.886028671264648438e+01
1.939832496643066406e+01
1.980519866943359375e+01
1.891821670532226562e+01
1.962093925476074219e+01
1.982664299011230469e+01
1.971325492858886719e+01
1.925462722778320312e+01
1.835516738891601562e+01
1.911736488342285156e+01
1.933784484863281250e+01
1.911110877990722656e+01
1.966287231445312500e+01
1.956465148925781250e+01
1.914710044860839844e+01
1.960762405395507812e+01
2.021889114379882812e+01
2.066705513000488281e+01
1.973392868041992188e+01
1.962099838256835938e+01
1.941963195800781250e+01
1.999794769287109375e+01
1.998348426818847656e+01
1.971145629882812500e+01
1.994718170166015625e+01
1.988787651062011719e+01
1.928603172302246094e+01
1.951679611206054688e+01
2.025888252258300781e+01
2.054547882080078125e+01
2.039495086669921875e+01
2.016968154907226562e+01
1.982248115539550781e+01
1.960745048522949219e+01
2.109489059448242188e+01
2.024680709838867188e+01
2.004106330871582031e+01
1.957020759582519531e+01
1.967748069763183594e+01
1.995449066162109375e+01
1.953799438476562500e+01
1.931025314331054688e+01
1.939063644409179688e+01
1.898302841186523438e+01
1.881415939331054688e+01
1.907490730285644531e+01
1.926282501220703125e+01
1.968274879455566406e+01
2.027087593078613281e+01
1.988949584960937500e+01
1.907348442077636719e+01
1.911518859863281250e+01
1.884258651733398438e+01
1.868830299377441406e+01
1.860931015014648438e+01
1.884707260131835938e+01
1.965988159179687500e+01
2.008331871032714844e+01
2.055879783630371094e+01
2.031768417358398438e+01
1.908659744262695312e+01
1.955171585083007812e+01
2.079314041137695312e+01
2.166290855407714844e+01
2.266484451293945312e+01
2.280262374877929688e+01
2.285786247253417969e+01
2.172960662841796875e+01
2.079242706298828125e+01
2.127677536010742188e+01
2.075153923034667969e+01
1.997719192504882812e+01
1.956613540649414062e+01
1.964936828613281250e+01
1.943467140197753906e+01
2.083487129211425781e+01
2.097231864929199219e+01
2.159218597412109375e+01
2.134826278686523438e+01
2.173999786376953125e+01
2.217650222778320312e+01
2.186768722534179688e+01
2.096379280090332031e+01
2.112153244018554688e+01
2.072493362426757812e+01
2.048737716674804688e+01
2.089050674438476562e+01
2.144850540161132812e+01
2.158355903625488281e+01
2.148431587219238281e+01
2.127378082275390625e+01
2.103476333618164062e+01
2.096239471435546875e+01
2.102695465087890625e+01
2.115620231628417969e+01
2.093232154846191406e+01
2.095936012268066406e+01
2.100962829589843750e+01
2.076314353942871094e+01
2.150861167907714844e+01
2.164941978454589844e+01
2.150495338439941406e+01
2.044024276733398438e+01
2.012867927551269531e+01
2.019124984741210938e+01
2.066654205322265625e+01
2.010707092285156250e+01
2.099077415466308594e+01
2.060662269592285156e+01
2.114412498474121094e+01
2.179991912841796875e+01
2.188906288146972656e+01
2.162205696105957031e+01
2.177885246276855469e+01
2.165503501892089844e+01
2.201319122314453125e+01
2.201623916625976562e+01
2.176120758056640625e+01
2.161257171630859375e+01
2.168418502807617188e+01
2.120038604736328125e+01
2.204599761962890625e+01
2.293653869628906250e+01
2.255962562561035156e+01
2.191331863403320312e+01
2.210340499877929688e+01
2.149070739746093750e+01
2.212982177734375000e+01
2.314968109130859375e+01
2.247946548461914062e+01
2.092847061157226562e+01
2.130022430419921875e+01
2.099987983703613281e+01
2.112432479858398438e+01
2.132699012756347656e+01
2.160863876342773438e+01
2.158632659912109375e+01
2.108277702331542969e+01
2.126880264282226562e+01
2.105873489379882812e+01
2.201849365234375000e+01
2.286794662475585938e+01
2.242148780822753906e+01
2.156231117248535156e+01
2.166676330566406250e+01
2.185053825378417969e+01
2.216714096069335938e+01
2.177824974060058594e+01
2.204155349731445312e+01
2.260946846008300781e+01
2.245176887512207031e+01
2.248051261901855469e+01
2.254249572753906250e+01
2.194989395141601562e+01
2.140126419067382812e+01
2.146976852416992188e+01
2.162342262268066406e+01
2.132089996337890625e+01
2.130355262756347656e+01
2.134489059448242188e+01
2.227348136901855469e+01
2.245796966552734375e+01
2.263108634948730469e+01
2.210189437866210938e+01
2.149974250793457031e+01
2.116298675537109375e+01
2.141634368896484375e+01
2.138485145568847656e+01
2.152122306823730469e+01
2.153147697448730469e+01
2.192927742004394531e+01
2.227628517150878906e+01
2.210757637023925781e+01
2.196608924865722656e+01
2.223140716552734375e+01
2.256070518493652344e+01
2.266398620605468750e+01
2.269734191894531250e+01
2.288595390319824219e+01
2.249201583862304688e+01
2.269059944152832031e+01
2.300997924804687500e+01
2.248370361328125000e+01
2.216636848449707031e+01
2.277732467651367188e+01
2.212542915344238281e+01
2.218469619750976562e+01
2.237929916381835938e+01
2.219514656066894531e+01
2.286007499694824219e+01
2.207099151611328125e+01
2.293269348144531250e+01
2.303949928283691406e+01
2.342377090454101562e+01
2.348299026489257812e+01
2.340625190734863281e+01
2.318452072143554688e+01
2.340333175659179688e+01
2.304908752441406250e+01
2.296333885192871094e+01
2.282296943664550781e+01
2.317095756530761719e+01
2.281333351135253906e+01
2.320635223388671875e+01
2.291829872131347656e+01
2.354816627502441406e+01
2.348669052124023438e+01
2.301070594787597656e+01
2.372093963623046875e+01
2.301410293579101562e+01
2.378415298461914062e+01
2.424279975891113281e+01
2.340292739868164062e+01
2.333496856689453125e+01
2.436610031127929688e+01
2.501753616333007812e+01
2.585781860351562500e+01
2.587002563476562500e+01
2.580252838134765625e+01
2.590628051757812500e+01
2.658707809448242188e+01
2.618537139892578125e+01
2.491883277893066406e+01
2.565426063537597656e+01
2.550132560729980469e+01
2.505711746215820312e+01
2.535080528259277344e+01
2.575851058959960938e+01
2.510870933532714844e+01
2.557704734802246094e+01
2.541698837280273438e+01
2.502488899230957031e+01
2.584319686889648438e+01
2.613126182556152344e+01
2.560142326354980469e+01
2.538863182067871094e+01
2.560644340515136719e+01
2.605249786376953125e+01
2.588234138488769531e+01
2.503057670593261719e+01
2.500282859802246094e+01
2.498915481567382812e+01
2.456848526000976562e+01
2.427708816528320312e+01
2.517144012451171875e+01
2.601453781127929688e+01
2.526186943054199219e+01
2.315344810485839844e+01
2.324077606201171875e+01
2.355995941162109375e+01
2.448616790771484375e+01
2.443816184997558594e+01
2.355198478698730469e+01
2.288504791259765625e+01
2.245707130432128906e+01
2.212254524230957031e+01
2.146416854858398438e+01
2.136025428771972656e+01
2.265078926086425781e+01
2.387898635864257812e+01
2.415542221069335938e+01
2.248302078247070312e+01
2.186012649536132812e+01
2.202324104309082031e+01
2.259505081176757812e+01
2.252680778503417969e+01
2.333389663696289062e+01
2.313245773315429688e+01
2.300107383728027344e+01
2.176399230957031250e+01
2.136932373046875000e+01
2.234717559814453125e+01
2.352964591979980469e+01
2.346296691894531250e+01
2.309767532348632812e+01
2.384005737304687500e+01
2.438033866882324219e+01
2.486125183105468750e+01
2.446754646301269531e+01
2.468770790100097656e+01
2.439044380187988281e+01
2.437403678894042969e+01
2.398950004577636719e+01
2.411789703369140625e+01
2.416948890686035156e+01
2.425676345825195312e+01
2.446400833129882812e+01
2.396599197387695312e+01
2.444389724731445312e+01
2.455339813232421875e+01
2.411606025695800781e+01
2.426070404052734375e+01
2.525003814697265625e+01
2.482184600830078125e+01
2.414839935302734375e+01
2.400446701049804688e+01
2.373520660400390625e+01
2.384207153320312500e+01
2.362455177307128906e+01
2.380735778808593750e+01
2.470933914184570312e+01
2.578194236755371094e+01
2.602612686157226562e+01
2.457662582397460938e+01
2.353393936157226562e+01
2.287585449218750000e+01
2.340931320190429688e+01
2.379372596740722656e+01
2.359146118164062500e+01
2.401237869262695312e+01
2.367057228088378906e+01
2.479450798034667969e+01
2.386576461791992188e+01
2.368447494506835938e+01
2.298184776306152344e+01
2.198073577880859375e+01
2.138588714599609375e+01
2.209032821655273438e+01
2.347504234313964844e+01
2.393037986755371094e+01
2.454048919677734375e+01
2.457728004455566406e+01
2.402674102783203125e+01
2.407208061218261719e+01
2.341170310974121094e+01
2.361055755615234375e+01
2.400778961181640625e+01
2.397506332397460938e+01
2.358968353271484375e+01
2.265364837646484375e+01
2.394894599914550781e+01
2.398505592346191406e+01
2.511306762695312500e+01
2.549884033203125000e+01
2.430463409423828125e+01
2.348349189758300781e+01
2.404457283020019531e+01
2.520022583007812500e+01
2.487981605529785156e+01
2.381965065002441406e+01
2.312001609802246094e+01
2.389612007141113281e+01
2.452362060546875000e+01
2.457310295104980469e+01
2.436487197875976562e+01
2.486323547363281250e+01
2.465412330627441406e+01
2.577710723876953125e+01
2.629088401794433594e+01
2.557295227050781250e+01
2.325562858581542969e+01
2.232302093505859375e+01
2.299898338317871094e+01
2.378199768066406250e+01
2.447280120849609375e+01
2.389990806579589844e+01
2.395112609863281250e+01
2.461671829223632812e+01
2.508364677429199219e+01
2.515322875976562500e+01
2.535744476318359375e+01
2.489721298217773438e+01
2.554347610473632812e+01
2.440592193603515625e+01
2.507834815979003906e+01
2.633420181274414062e+01
2.596203804016113281e+01
2.512509918212890625e+01
2.538029289245605469e+01
2.460108757019042969e+01
2.503487396240234375e+01
2.513421249389648438e+01
2.442403221130371094e+01
2.416225242614746094e+01
2.419625091552734375e+01
2.303499984741210938e+01
2.284710884094238281e+01
2.215183639526367188e+01
2.258965682983398438e+01
2.396260833740234375e+01
2.488928413391113281e+01
2.516602706909179688e+01
2.450496673583984375e+01
2.491822242736816406e+01
2.519138717651367188e+01
2.549275970458984375e+01
2.593989753723144531e+01
2.491600990295410156e+01
2.447879219055175781e+01
2.472123146057128906e+01
2.438243484497070312e+01
2.468380546569824219e+01
2.408292007446289062e+01
2.387341690063476562e+01
2.381749153137207031e+01
2.427873039245605469e+01
2.450209236145019531e+01
2.503292846679687500e+01
2.496091651916503906e+01
2.592773437500000000e+01
2.544490432739257812e+01
2.474674224853515625e+01
2.473458290100097656e+01
2.429937362670898438e+01
2.449806022644042969e+01
2.308872985839843750e+01
2.277115440368652344e+01
2.307529449462890625e+01
2.393217849731445312e+01
2.376291084289550781e+01
2.312239265441894531e+01
2.322496795654296875e+01
2.380176162719726562e+01
2.366538238525390625e+01
2.355567550659179688e+01
2.338856315612792969e+01
2.366029739379882812e+01
2.346942901611328125e+01
2.339395141601562500e+01
2.274593353271484375e+01
2.402390289306640625e+01
2.358490180969238281e+01
2.406520080566406250e+01
2.369269180297851562e+01
2.460246849060058594e+01
2.435150909423828125e+01
2.347272872924804688e+01
2.341840934753417969e+01
2.309322166442871094e+01
2.334896850585937500e+01
2.318692398071289062e+01
2.231382751464843750e+01
2.155536842346191406e+01
2.210722732543945312e+01
2.324525642395019531e+01
2.389913940429687500e+01
2.419640159606933594e+01
2.408311271667480469e+01
2.423112297058105469e+01
2.382774353027343750e+01
2.315612030029296875e+01
2.280179023742675781e+01
2.350027656555175781e+01
2.372449874877929688e+01
2.327240943908691406e+01
2.318256950378417969e+01
2.407354354858398438e+01
2.438901519775390625e+01
2.333994293212890625e+01
2.399188804626464844e+01
2.454075431823730469e+01
2.445248413085937500e+01
2.513070106506347656e+01
2.507589530944824219e+01
2.400513458251953125e+01
2.324046134948730469e+01
2.343413734436035156e+01
2.372276878356933594e+01
2.381365394592285156e+01
2.397319984436035156e+01
2.439065742492675781e+01
2.467058563232421875e+01
2.368359184265136719e+01
2.319864273071289062e+01
2.375529479980468750e+01
2.372258377075195312e+01
2.383923339843750000e+01
2.400003814697265625e+01
2.363748168945312500e+01
2.288223075866699219e+01
2.276131820678710938e+01
2.333932876586914062e+01
2.344157028198242188e+01
2.401714324951171875e+01
2.399866485595703125e+01
2.369413757324218750e+01
2.482203102111816406e+01
2.482292556762695312e+01
2.395933723449707031e+01
2.392665863037109375e+01
2.440566635131835938e+01
2.469454383850097656e+01
2.490210151672363281e+01
2.477428627014160156e+01
2.454719543457031250e+01
2.449330711364746094e+01
2.380368423461914062e+01
2.277117156982421875e+01
2.319165611267089844e+01
2.383078384399414062e+01
2.426616477966308594e+01
2.478702926635742188e+01
2.477725410461425781e+01
2.476144409179687500e+01
2.474762725830078125e+01
2.465959739685058594e+01
2.336727142333984375e+01
2.290444755554199219e+01
2.327118873596191406e+01
2.375248336791992188e+01
2.436659622192382812e+01
2.475972747802734375e+01
2.508213424682617188e+01
2.447965240478515625e+01
2.464122772216796875e+01
2.462607574462890625e+01
2.519906806945800781e+01
2.495573425292968750e+01
2.543063354492187500e+01
2.514693832397460938e+01
2.411031150817871094e+01
2.382129096984863281e+01
2.364789962768554688e+01
2.336197280883789062e+01
2.360581207275390625e+01
2.436633682250976562e+01
2.476036643981933594e+01
2.458130455017089844e+01
2.447188949584960938e+01
2.523881912231445312e+01
2.560998916625976562e+01
2.622073554992675781e+01
2.591559600830078125e+01
2.719516372680664062e+01
2.675609207153320312e+01
2.626536560058593750e+01
2.606729125976562500e+01
2.583777236938476562e+01
2.606418037414550781e+01
2.656250953674316406e+01
2.624885940551757812e+01
2.563098335266113281e+01
2.645281028747558594e+01
2.672248268127441406e+01
2.645353698730468750e+01
2.637813949584960938e+01
2.589894485473632812e+01
2.587846374511718750e+01
2.606827926635742188e+01
2.617714500427246094e+01
2.549913978576660156e+01
2.546213912963867188e+01
2.574075698852539062e+01
2.586356353759765625e+01
2.690432548522949219e+01
2.643265914916992188e+01
2.557982826232910156e+01
2.665913200378417969e+01
2.686672401428222656e+01
2.603651046752929688e+01
2.506392860412597656e+01
2.508816528320312500e+01
2.409877204895019531e+01
2.351055717468261719e+01
2.306297683715820312e+01
2.338622474670410156e+01
2.412538909912109375e+01
2.367616844177246094e+01
2.287845039367675781e+01
2.196234893798828125e+01
2.318919944763183594e+01
2.562940025329589844e+01
2.568946838378906250e+01
2.555006027221679688e+01
2.572066879272460938e+01
2.596539306640625000e+01
2.515370941162109375e+01
2.487684631347656250e+01
2.326024055480957031e+01
2.187851333618164062e+01
2.171975135803222656e+01
2.359550476074218750e+01
2.688697814941406250e+01
3.033934783935546875e+01
3.082865905761718750e+01
3.036010360717773438e+01
2.875028228759765625e+01
2.630991363525390625e+01
2.592844200134277344e+01
2.608266639709472656e+01
2.661092567443847656e+01
2.572608375549316406e+01
2.704783439636230469e+01
2.950761032104492188e+01
3.000535392761230469e+01
3.051857566833496094e+01
3.028370094299316406e+01
3.169566345214843750e+01
3.330501937866210938e+01
3.163246917724609375e+01
2.757313728332519531e+01
2.592968940734863281e+01
2.621758842468261719e+01
2.687850952148437500e+01
2.756321525573730469e+01
2.709498214721679688e+01
2.739213943481445312e+01
2.742866516113281250e+01
2.773313903808593750e+01
2.757584953308105469e+01
2.676929283142089844e+01
2.693191909790039062e+01
2.837788391113281250e+01
2.912888336181640625e+01
2.912891006469726562e+01
2.825956344604492188e+01
2.847018432617187500e+01
2.956771850585937500e+01
3.270126724243164062e+01
3.240649414062500000e+01
2.949686813354492188e+01
2.654370498657226562e+01
2.602532196044921875e+01
2.735574340820312500e+01
2.821018218994140625e+01
2.916824340820312500e+01
2.899104690551757812e+01
2.874316787719726562e+01
2.749751853942871094e+01
2.713527297973632812e+01
2.835874748229980469e+01
3.004411125183105469e+01
3.417952728271484375e+01
3.512240600585937500e+01
3.243743896484375000e+01
2.892797088623046875e+01
2.777182769775390625e+01
2.772680473327636719e+01
2.784039306640625000e+01
2.804719161987304688e+01
2.730230903625488281e+01
2.822824096679687500e+01
2.846035385131835938e+01
3.021431732177734375e+01
2.973371315002441406e+01
2.886443138122558594e+01
2.865748214721679688e+01
2.885117721557617188e+01
3.184197807312011719e+01
3.615402221679687500e+01
3.615254211425781250e+01
3.178731727600097656e+01
2.879625129699707031e+01
2.828728485107421875e+01
2.775647735595703125e+01
2.741484069824218750e+01
2.677576446533203125e+01
2.580605125427246094e+01
2.542433929443359375e+01
2.547175025939941406e+01
2.621126747131347656e+01
2.645156097412109375e+01
2.668844985961914062e+01
2.758136749267578125e+01
2.871387290954589844e+01
2.845038795471191406e+01
2.833683776855468750e+01
3.076409530639648438e+01
3.375021362304687500e+01
3.355991744995117188e+01
3.187672805786132812e+01
2.966730499267578125e+01
2.870003318786621094e+01
2.850567626953125000e+01
2.791791915893554688e+01
2.727673149108886719e+01
2.723488426208496094e+01
2.807343292236328125e+01
2.920873069763183594e+01
2.993504714965820312e+01
2.947903633117675781e+01
2.912161445617675781e+01
2.938506698608398438e+01
2.994021606445312500e+01
2.986249351501464844e+01
3.027890586853027344e+01
3.035261344909667969e+01
3.010548973083496094e+01
2.943385124206542969e+01
2.955511283874511719e+01
3.125688171386718750e+01
3.279213333129882812e+01
3.132045173645019531e+01
2.976268005371093750e+01
2.926120758056640625e+01
3.007432556152343750e+01
3.018619918823242188e+01
3.105453681945800781e+01
3.086790084838867188e+01
3.061785316467285156e+01
3.069223785400390625e+01
3.101601409912109375e+01
3.141912841796875000e+01
3.183439636230468750e+01
3.279432678222656250e+01
3.300523757934570312e+01
3.159344100952148438e+01
3.066300201416015625e+01
2.987573242187500000e+01
3.085107994079589844e+01
3.057083129882812500e+01
3.026075553894042969e+01
3.200511169433593750e+01
3.182143402099609375e+01
3.130078315734863281e+01
3.128645706176757812e+01
3.164061355590820312e+01
3.164019775390625000e+01
2.935486793518066406e+01
2.895299339294433594e+01
3.064076423645019531e+01
3.317542266845703125e+01
3.267910766601562500e+01
3.179284095764160156e+01
3.128205871582031250e+01
3.136816024780273438e+01
3.094966888427734375e+01
3.139611053466796875e+01
3.106890487670898438e+01
3.092072677612304688e+01
2.997986221313476562e+01
2.935055351257324219e+01
2.974921989440917969e+01
3.055244445800781250e+01
3.150343894958496094e+01
3.126467895507812500e+01
3.109381103515625000e+01
3.014457702636718750e+01
3.070619392395019531e+01
3.164241027832031250e+01
3.189645957946777344e+01
3.192954063415527344e+01
3.052202224731445312e+01
3.112155342102050781e+01
3.230052566528320312e+01
3.138232040405273438e+01
3.155834579467773438e+01
3.215234375000000000e+01
3.149286270141601562e+01
3.095840835571289062e+01
3.077005577087402344e+01
3.044713783264160156e+01
3.004965972900390625e+01
2.987768554687500000e+01
2.974075889587402344e+01
2.961530113220214844e+01
3.052779197692871094e+01
3.097173690795898438e+01
3.016477584838867188e+01
2.993764305114746094e+01
2.937194252014160156e+01
2.957974052429199219e+01
3.085908889770507812e+01
3.099472045898437500e+01
3.142861366271972656e+01
3.114395904541015625e+01
3.077560234069824219e+01
3.057826423645019531e+01
3.121498870849609375e+01
3.080806159973144531e+01
3.026097488403320312e+01
3.014234542846679688e+01
3.039247512817382812e+01
3.111898803710937500e+01
3.111718368530273438e+01
3.123641014099121094e+01
3.033861923217773438e+01
2.960069274902343750e+01
2.998474502563476562e+01
2.984475898742675781e+01
3.032487869262695312e+01
3.013103485107421875e+01
3.006419754028320312e+01
2.960033035278320312e+01
2.951304244995117188e+01
2.956434631347656250e+01
3.005817985534667969e+01
3.020721054077148438e+01
2.949916267395019531e+01
2.956902694702148438e+01
3.018124198913574219e+01
2.903126716613769531e+01
2.881047058105468750e+01
2.889277839660644531e+01
2.960946273803710938e+01
3.017480087280273438e+01
2.965969085693359375e+01
2.958732986450195312e+01
2.960799789428710938e+01
2.955580520629882812e+01
3.004669380187988281e+01
3.025434494018554688e+01
3.021061134338378906e+01
3.070613098144531250e+01
3.054997062683105469e+01
3.048853683471679688e+01
3.103144264221191406e+01
3.075004577636718750e+01
3.045580673217773438e+01
3.068830490112304688e+01
3.099000167846679688e+01
3.002352523803710938e+01
3.057666969299316406e+01
3.128153419494628906e+01
3.191058921813964844e+01
3.131105232238769531e+01
3.043971443176269531e+01
2.967976951599121094e+01
3.013478279113769531e+01
3.089712715148925781e+01
3.044200515747070312e+01
3.001240921020507812e+01
3.009582901000976562e+01
3.112861633300781250e+01
3.087911224365234375e+01
3.119395828247070312e+01
3.208156204223632812e+01
3.158734703063964844e+01
3.224366760253906250e+01
3.212517166137695312e+01
3.156043243408203125e+01
3.091094970703125000e+01
3.045553016662597656e+01
2.976252365112304688e+01
3.091387748718261719e+01
3.117022323608398438e+01
3.158118057250976562e+01
3.163534164428710938e+01
3.214691162109375000e+01
3.154281806945800781e+01
3.058953285217285156e+01
3.105395507812500000e+01
3.165766143798828125e+01
3.164236450195312500e+01
3.223715209960937500e+01
3.338661575317382812e+01
3.498735046386718750e+01
3.408739471435546875e+01
3.328341674804687500e+01
3.154953002929687500e+01
3.180827713012695312e+01
3.237648391723632812e+01
3.211500549316406250e+01
3.197703933715820312e+01
3.245166015625000000e+01
3.184337234497070312e+01
3.186672019958496094e+01
3.157116317749023438e+01
3.132274627685546875e+01
3.163506317138671875e+01
3.187473297119140625e+01
3.156829833984375000e+01
3.055169677734375000e+01
3.122814559936523438e+01
3.157080459594726562e+01
3.207182312011718750e+01
3.142775726318359375e+01
3.188643646240234375e+01
3.223779296875000000e+01
3.244665527343750000e+01
3.263620758056640625e+01
3.247501373291015625e+01
3.117847442626953125e+01
3.250376892089843750e+01
3.246288299560546875e+01
3.186750793457031250e+01
3.279880142211914062e+01
3.279589843750000000e+01
3.248088836669921875e+01
3.203266143798828125e+01
3.216452407836914062e+01
3.272303771972656250e+01
3.307389450073242188e+01
3.344386672973632812e+01
3.381023025512695312e+01
3.389468002319335938e+01
3.328532409667968750e+01
3.256801605224609375e+01
3.254533004760742188e+01
3.292134094238281250e+01
3.311417388916015625e+01
3.315122222900390625e+01
3.320307922363281250e+01
3.335788726806640625e+01
3.330637359619140625e+01
3.325577926635742188e+01
3.230442047119140625e+01
3.254640960693359375e+01
3.278601837158203125e+01
3.316594696044921875e+01
3.347783660888671875e+01
3.376477432250976562e+01
3.420552062988281250e+01
3.389948272705078125e+01
3.434468078613281250e+01
3.360085296630859375e+01
3.335474777221679688e+01
3.357659912109375000e+01
3.348394012451171875e+01
3.362989807128906250e+01
3.355797958374023438e+01
3.239184570312500000e+01
3.181336975097656250e+01
3.283665084838867188e+01
3.347045898437500000e+01
3.461590957641601562e+01
3.413736724853515625e+01
3.409341049194335938e+01
3.399002838134765625e+01
3.371984481811523438e+01
3.409788131713867188e+01
3.377939605712890625e+01
3.411734390258789062e+01
3.555805206298828125e+01
3.768222808837890625e+01
4.030615997314453125e+01
4.229171752929687500e+01
4.313317489624023438e+01
4.159053802490234375e+01
3.814624023437500000e+01
3.572082138061523438e+01
3.720040130615234375e+01
3.791233062744140625e+01
3.647962951660156250e+01
3.577031707763671875e+01
3.534213256835937500e+01
3.502561569213867188e+01
3.523314666748046875e+01
3.524217987060546875e+01
3.509223937988281250e+01
3.524668121337890625e+01
3.561907958984375000e+01
3.620464706420898438e+01
3.598177719116210938e+01
3.811237716674804688e+01
4.306469726562500000e+01
4.757640838623046875e+01
4.429786682128906250e+01
3.940119552612304688e+01
3.775484085083007812e+01
3.866777038574218750e+01
3.994561767578125000e+01
4.108353042602539062e+01
4.055163574218750000e+01
3.982128524780273438e+01
4.148643112182617188e+01
6.905847167968750000e+01
3.060046081542968750e+02
9.638520507812500000e+02
1.382191528320312500e+03
9.409558715820312500e+02
2.928744812011718750e+02
7.011776733398437500e+01
4.750038909912109375e+01
4.300135421752929688e+01
3.964418792724609375e+01
3.867394256591796875e+01
3.775755691528320312e+01
3.744139099121093750e+01
4.051757049560546875e+01
4.448708343505859375e+01
4.304456329345703125e+01
3.799212646484375000e+01
3.581615447998046875e+01
3.460948562622070312e+01
3.485263824462890625e+01
3.484512710571289062e+01
3.581723785400390625e+01
3.751302337646484375e+01
3.792842864990234375e+01
3.614827346801757812e+01
3.363099670410156250e+01
3.320684814453125000e+01
3.401026916503906250e+01
3.752811431884765625e+01
4.345766448974609375e+01
4.546114730834960938e+01
4.060752868652343750e+01
3.520039749145507812e+01
3.362359237670898438e+01
3.325365447998046875e+01
3.277589797973632812e+01
3.290477371215820312e+01
3.278704833984375000e+01
3.304808044433593750e+01
3.231140518188476562e+01
3.223969650268554688e+01
3.536733245849609375e+01
3.526879119873046875e+01
3.251137924194335938e+01
3.206792449951171875e+01
3.199354553222656250e+01
3.490681838989257812e+01
3.940827941894531250e+01
4.012818908691406250e+01
3.597038269042968750e+01
3.259437942504882812e+01
3.170709609985351562e+01
3.161050987243652344e+01
3.143785476684570312e+01
3.141959953308105469e+01
3.117090606689453125e+01
3.173621368408203125e+01
3.085789489746093750e+01
3.121959686279296875e+01
3.135423851013183594e+01
3.084876632690429688e+01
3.136663055419921875e+01
3.282135009765625000e+01
3.282746887207031250e+01
3.162084770202636719e+01
2.982847595214843750e+01
3.039848709106445312e+01
3.225386047363281250e+01
3.517970275878906250e+01
3.470132446289062500e+01
3.261936950683593750e+01
3.070372009277343750e+01
2.965018653869628906e+01
2.991851806640625000e+01
3.014325904846191406e+01
3.055027389526367188e+01
2.967354393005371094e+01
3.014206314086914062e+01
2.890361404418945312e+01
2.895852088928222656e+01
2.890265274047851562e+01
2.812198257446289062e+01
2.862403869628906250e+01
2.874155807495117188e+01
3.003885650634765625e+01
3.019419860839843750e+01
3.033972167968750000e+01
3.048349952697753906e+01
2.948650550842285156e+01
2.876008605957031250e+01
3.005373001098632812e+01
3.125357055664062500e+01
3.120920753479003906e+01
3.001141548156738281e+01
2.974224281311035156e+01
2.907863998413085938e+01
2.848593521118164062e+01
2.819312477111816406e+01
2.871150207519531250e+01
2.912137222290039062e+01
2.842242050170898438e+01
2.829929351806640625e+01
2.824023056030273438e+01
2.821533966064453125e+01
2.836846923828125000e+01
2.835093688964843750e+01
2.843416595458984375e+01
2.892015838623046875e+01
2.800256919860839844e+01
2.731830596923828125e+01
2.814666938781738281e+01
2.829079818725585938e+01
2.908132743835449219e+01
2.844125556945800781e+01
2.818173217773437500e+01
2.760021591186523438e+01
2.760092926025390625e+01
2.823037147521972656e+01
2.769122314453125000e+01
2.758462905883789062e+01
2.702676963806152344e+01
2.685920524597167969e+01
2.703038215637207031e+01
2.681463623046875000e+01
2.703525543212890625e+01
2.749809265136718750e+01
2.713822555541992188e+01
2.612431716918945312e+01
2.622291946411132812e+01
2.530616950988769531e+01
2.567680168151855469e+01
2.537835693359375000e+01
2.560040473937988281e+01
2.565964889526367188e+01
2.636760520935058594e+01
2.546974182128906250e+01
2.533576202392578125e+01
2.491005706787109375e+01
2.556518173217773438e+01
2.581959724426269531e+01
2.507937240600585938e+01
2.573019027709960938e+01
2.536415290832519531e+01
2.567725563049316406e+01
2.596211624145507812e+01
2.517501068115234375e+01
2.465780067443847656e+01
2.464256477355957031e+01
2.530338668823242188e+01
2.459892654418945312e+01
2.451263618469238281e+01
2.425741577148437500e+01
2.407807540893554688e+01
2.474263381958007812e+01
2.448098945617675781e+01
2.504045295715332031e+01
2.499193572998046875e+01
2.457690429687500000e+01
2.497217559814453125e+01
2.479292678833007812e+01
2.489539909362792969e+01
2.385653686523437500e+01
2.443197631835937500e+01
2.451255416870117188e+01
2.572592544555664062e+01
2.549174308776855469e+01
2.556392288208007812e+01
2.486297416687011719e+01
2.479873847961425781e+01
2.431281089782714844e+01
2.565560150146484375e+01
2.560297203063964844e+01
2.528463363647460938e+01
2.673648262023925781e+01
2.710083198547363281e+01
2.818723869323730469e+01
2.766326141357421875e+01
2.786887168884277344e+01
