6.080415039062448159e+03
6.081990251549472305e+03
6.083565464036496451e+03
6.085140676523520597e+03
6.086715889010543833e+03
6.088291101497567979e+03
6.089866313984592125e+03
6.091441526471616271e+03
6.093016738958640417e+03
6.094591951445664563e+03
6.096167163932688709e+03
6.097742376419711945e+03
6.099317588906736091e+03
6.100892801393760237e+03
6.102468013880784383e+03
6.104043226367808529e+03
6.105618438854831766e+03
6.107193651341855912e+03
6.108768863828880058e+03
6.110344076315904204e+03
6.111919288802928349e+03
6.113494501289952495e+03
6.115069713776976641e+03
6.116644926263999878e+03
6.118220138751024024e+03
6.119795351238048170e+03
6.121370563725072316e+03
6.122945776212096462e+03
6.124520988699119698e+03
6.126096201186144754e+03
6.127671413673167990e+03
6.129246626160192136e+03
6.130821838647216282e+03
6.132397051134240428e+03
6.133972263621264574e+03
6.135547476108287810e+03
6.137122688595311956e+03
6.138697901082336102e+03
6.140273113569360248e+03
6.141848326056384394e+03
6.143423538543408540e+03
6.144998751030432686e+03
6.146573963517455923e+03
6.148149176004480069e+03
6.149724388491504214e+03
6.151299600978528360e+03
6.152874813465552506e+03
6.154450025952575743e+03
6.156025238439600798e+03
6.157600450926624035e+03
6.159175663413648181e+03
6.160750875900672327e+03
6.162326088387696473e+03
6.163901300874720619e+03
6.165476513361743855e+03
6.167051725848768001e+03
6.168626938335792147e+03
6.170202150822816293e+03
6.171777363309840439e+03
6.173352575796864585e+03
6.174927788283888731e+03
6.176503000770911967e+03
6.178078213257936113e+03
6.179653425744960259e+03
6.181228638231984405e+03
6.182803850719008551e+03
6.184379063206031788e+03
6.185954275693055934e+03
6.187529488180080079e+03
6.189104700667104225e+03
6.190679913154128371e+03
6.192255125641152517e+03
6.193830338128176663e+03
6.195405550615199900e+03
6.196980763102224046e+03
6.198555975589248192e+03
6.200131188076272338e+03
6.201706400563296484e+03
6.203281613050319720e+03
6.204856825537344776e+03
6.206432038024368012e+03
6.208007250511392158e+03
6.209582462998416304e+03
6.211157675485440450e+03
6.212732887972464596e+03
6.214308100459487832e+03
6.215883312946511978e+03
6.217458525433536124e+03
6.219033737920560270e+03
6.220608950407584416e+03
6.222184162894608562e+03
6.223759375381632708e+03
6.225334587868655944e+03
6.226909800355680090e+03
6.228485012842704236e+03
6.230060225329728382e+03
6.231635437816752528e+03
6.233210650303775765e+03
6.234785862790799911e+03
6.236361075277824057e+03
6.237936287764848203e+03
6.239511500251872349e+03
6.241086712738896495e+03
6.242661925225920641e+03
6.244237137712943877e+03
6.245812350199968023e+03
6.247387562686992169e+03
6.248962775174016315e+03
6.250537987661040461e+03
6.252113200148063697e+03
6.253688412635088753e+03
6.255263625122111989e+03
6.256838837609136135e+03
6.258414050096160281e+03
6.259989262583184427e+03
6.261564475070208573e+03
6.263139687557231809e+03
6.264714900044255955e+03
6.266290112531280101e+03
6.267865325018304247e+03
6.269440537505328393e+03
6.271015749992352539e+03
6.272590962479376685e+03
6.274166174966399922e+03
6.275741387453424068e+03
6.277316599940448214e+03
6.278891812427472360e+03
6.280467024914496506e+03
6.282042237401519742e+03
6.283617449888544797e+03
6.285192662375568034e+03
6.286767874862592180e+03
6.288343087349616326e+03
6.289918299836640472e+03
6.291493512323664618e+03
6.293068724810687854e+03
6.294643937297712000e+03
6.296219149784736146e+03
6.297794362271760292e+03
6.299369574758784438e+03
6.300944787245808584e+03
6.302519999732832730e+03
6.304095212219855966e+03
6.305670424706880112e+03
6.307245637193904258e+03
6.308820849680928404e+03
6.310396062167952550e+03
6.311971274654975787e+03
6.313546487141999933e+03
6.315121699629024079e+03
6.316696912116048225e+03
6.318272124603072371e+03
6.319847337090096516e+03
6.321422549577120662e+03
6.322997762064143899e+03
6.324572974551168045e+03
6.326148187038192191e+03
6.327723399525216337e+03
6.329298612012240483e+03
6.330873824499263719e+03
6.332449036986288775e+03
6.334024249473312011e+03
6.335599461960336157e+03
6.337174674447360303e+03
6.338749886934384449e+03
6.340325099421408595e+03
6.341900311908431831e+03
6.343475524395455977e+03
6.345050736882480123e+03
6.346625949369504269e+03
6.348201161856528415e+03
6.349776374343552561e+03
6.351351586830576707e+03
6.352926799317599944e+03
6.354502011804624090e+03
6.356077224291648236e+03
6.357652436778672381e+03
6.359227649265696527e+03
6.360802861752719764e+03
6.362378074239744819e+03
6.363953286726768056e+03
6.365528499213792202e+03
6.367103711700816348e+03
6.368678924187840494e+03
6.370254136674864640e+03
6.371829349161887876e+03
6.373404561648912022e+03
6.374979774135936168e+03
6.376554986622960314e+03
6.378130199109984460e+03
6.379705411597007696e+03
6.381280624084032752e+03
6.382855836571055988e+03
6.384431049058080134e+03
6.386006261545104280e+03
6.387581474032128426e+03
6.389156686519152572e+03
6.390731899006175809e+03
6.392307111493199955e+03
6.393882323980224101e+03
6.395457536467248246e+03
6.397032748954272392e+03
6.398607961441296538e+03
6.400183173928320684e+03
6.401758386415343921e+03
6.403333598902368067e+03
6.404908811389392213e+03
6.406484023876416359e+03
6.408059236363440505e+03
6.409634448850463741e+03
6.411209661337488797e+03
6.412784873824512033e+03
6.414360086311536179e+03
6.415935298798560325e+03
6.417510511285584471e+03
6.419085723772608617e+03
6.420660936259631853e+03
6.422236148746655999e+03
6.423811361233680145e+03
6.425386573720704291e+03
6.426961786207728437e+03
6.428536998694752583e+03
6.430112211181776729e+03
6.431687423668799966e+03
6.433262636155824111e+03
6.434837848642848257e+03
6.436413061129872403e+03
6.437988273616896549e+03
6.439563486103919786e+03
6.441138698590943932e+03
6.442713911077968078e+03
6.444289123564992224e+03
6.445864336052016370e+03
6.447439548539040516e+03
6.449014761026064662e+03
6.450589973513087898e+03
6.452165186000112044e+03
6.453740398487136190e+03
6.455315610974160336e+03
6.456890823461184482e+03
6.458466035948207718e+03
6.460041248435232774e+03
6.461616460922256010e+03
6.463191673409280156e+03
6.464766885896304302e+03
6.466342098383328448e+03
6.467917310870352594e+03
6.469492523357375831e+03
6.471067735844399976e+03
6.472642948331424122e+03
6.474218160818448268e+03
6.475793373305472414e+03
6.477368585792496560e+03
6.478943798279520706e+03
6.480519010766543943e+03
6.482094223253568089e+03
6.483669435740592235e+03
6.485244648227616381e+03
6.486819860714640527e+03
6.488395073201663763e+03
6.489970285688688818e+03
6.491545498175712055e+03
6.493120710662736201e+03
6.494695923149760347e+03
6.496271135636784493e+03
6.497846348123808639e+03
6.499421560610831875e+03
6.500996773097856021e+03
6.502571985584880167e+03
6.504147198071904313e+03
6.505722410558928459e+03
6.507297623045951696e+03
6.508872835532976751e+03
6.510448048019999987e+03
6.512023260507024133e+03
6.513598472994048279e+03
6.515173685481072425e+03
6.516748897968096571e+03
6.518324110455119808e+03
6.519899322942143954e+03
6.521474535429168100e+03
6.523049747916192246e+03
6.524624960403216392e+03
6.526200172890240538e+03
6.527775385377264683e+03
6.529350597864287920e+03
6.530925810351312066e+03
6.532501022838336212e+03
6.534076235325360358e+03
6.535651447812384504e+03
6.537226660299407740e+03
6.538801872786432796e+03
6.540377085273456032e+03
6.541952297760480178e+03
6.543527510247504324e+03
6.545102722734528470e+03
6.546677935221552616e+03
6.548253147708575852e+03
6.549828360195599998e+03
6.551403572682624144e+03
6.552978785169648290e+03
6.554553997656672436e+03
6.556129210143696582e+03
6.557704422630720728e+03
6.559279635117743965e+03
6.560854847604768111e+03
6.562430060091792257e+03
6.564005272578816403e+03
6.565580485065840548e+03
6.567155697552863785e+03
6.568730910039887931e+03
6.570306122526912077e+03
6.571881335013936223e+03
6.573456547500960369e+03
6.575031759987984515e+03
6.576606972475008661e+03
6.578182184962031897e+03
6.579757397449056043e+03
6.581332609936080189e+03
6.582907822423104335e+03
6.584483034910128481e+03
6.586058247397151717e+03
6.587633459884176773e+03
6.589208672371200009e+03
6.590783884858224155e+03
6.592359097345248301e+03
6.593934309832272447e+03
6.595509522319296593e+03
6.597084734806319830e+03
6.598659947293343976e+03
6.600235159780368122e+03
6.601810372267392268e+03
6.603385584754416413e+03
6.604960797241440559e+03
6.606536009728464705e+03
6.608111222215487942e+03
6.609686434702512088e+03
6.611261647189536234e+03
6.612836859676560380e+03
6.614412072163584526e+03
6.615987284650607762e+03
6.617562497137632818e+03
6.619137709624656054e+03
6.620712922111680200e+03
6.622288134598704346e+03
6.623863347085728492e+03
6.625438559572752638e+03
6.627013772059775874e+03
6.628588984546800020e+03
6.630164197033824166e+03
6.631739409520848312e+03
6.633314622007872458e+03
6.634889834494896604e+03
6.636465046981920750e+03
6.638040259468943987e+03
6.639615471955968133e+03
6.641190684442992278e+03
6.642765896930016424e+03
6.644341109417040570e+03
6.645916321904063807e+03
6.647491534391087953e+03
6.649066746878112099e+03
6.650641959365136245e+03
6.652217171852160391e+03
6.653792384339184537e+03
6.655367596826208683e+03
6.656942809313231919e+03
6.658518021800256065e+03
6.660093234287280211e+03
6.661668446774304357e+03
6.663243659261328503e+03
6.664818871748351739e+03
6.666394084235376795e+03
6.667969296722400031e+03
6.669544509209424177e+03
6.671119721696448323e+03
6.672694934183472469e+03
6.674270146670496615e+03
6.675845359157519852e+03
6.677420571644543998e+03
6.678995784131568143e+03
6.680570996618592289e+03
6.682146209105616435e+03
6.683721421592640581e+03
6.685296634079664727e+03
6.686871846566687964e+03
6.688447059053712110e+03
6.690022271540736256e+03
6.691597484027760402e+03
6.693172696514784548e+03
6.694747909001807784e+03
6.696323121488831930e+03
6.697898333975856076e+03
6.699473546462880222e+03
6.701048758949904368e+03
6.702623971436928514e+03
6.704199183923952660e+03
6.705774396410975896e+03
6.707349608898000042e+03
6.708924821385024188e+03
6.710500033872048334e+03
6.712075246359072480e+03
6.713650458846096626e+03
6.715225671333120772e+03
6.716800883820144008e+03
6.718376096307168154e+03
6.719951308794192300e+03
6.721526521281216446e+03
6.723101733768240592e+03
6.724676946255263829e+03
6.726252158742287975e+03
6.727827371229312121e+03
6.729402583716336267e+03
6.730977796203360413e+03
6.732553008690384559e+03
6.734128221177408705e+03
6.735703433664431941e+03
6.737278646151456087e+03
6.738853858638480233e+03
6.740429071125504379e+03
6.742004283612528525e+03
6.743579496099551761e+03
6.745154708586575907e+03
6.746729921073600053e+03
6.748305133560624199e+03
6.749880346047648345e+03
6.751455558534672491e+03
6.753030771021696637e+03
6.754605983508719873e+03
6.756181195995744019e+03
6.757756408482768165e+03
6.759331620969792311e+03
6.760906833456816457e+03
6.762482045943840603e+03
6.764057258430864749e+03
6.765632470917887986e+03
6.767207683404912132e+03
6.768782895891936278e+03
6.770358108378960424e+03
6.771933320865984570e+03
6.773508533353007806e+03
6.775083745840031952e+03
6.776658958327056098e+03
6.778234170814080244e+03
6.779809383301104390e+03
6.781384595788128536e+03
6.782959808275152682e+03
6.784535020762175918e+03
6.786110233249200064e+03
6.787685445736224210e+03
6.789260658223248356e+03
6.790835870710272502e+03
6.792411083197296648e+03
6.793986295684319884e+03
6.795561508171344030e+03
6.797136720658368176e+03
6.798711933145392322e+03
6.800287145632416468e+03
6.801862358119440614e+03
6.803437570606463851e+03
6.805012783093487997e+03
6.806587995580512143e+03
6.808163208067536289e+03
6.809738420554560435e+03
6.811313633041584580e+03
6.812888845528608726e+03
6.814464058015631963e+03
6.816039270502656109e+03
6.817614482989680255e+03
6.819189695476704401e+03
6.820764907963728547e+03
6.822340120450751783e+03
6.823915332937775929e+03
6.825490545424800075e+03
6.827065757911824221e+03
6.828640970398848367e+03
6.830216182885872513e+03
6.831791395372896659e+03
6.833366607859919895e+03
6.834941820346944041e+03
6.836517032833968187e+03
6.838092245320992333e+03
6.839667457808016479e+03
6.841242670295040625e+03
6.842817882782064771e+03
6.844393095269088008e+03
6.845968307756112154e+03
6.847543520243136300e+03
6.849118732730160445e+03
6.850693945217184591e+03
6.852269157704207828e+03
6.853844370191231974e+03
6.855419582678256120e+03
6.856994795165280266e+03
6.858570007652304412e+03
6.860145220139328558e+03
6.861720432626352704e+03
6.863295645113375940e+03
6.864870857600400086e+03
6.866446070087424232e+03
6.868021282574448378e+03
6.869596495061472524e+03
6.871171707548496670e+03
6.872746920035519906e+03
6.874322132522544052e+03
6.875897345009568198e+03
6.877472557496592344e+03
6.879047769983616490e+03
6.880622982470640636e+03
6.882198194957663873e+03
6.883773407444688019e+03
6.885348619931712165e+03
6.886923832418736311e+03
6.888499044905760456e+03
6.890074257392784602e+03
6.891649469879808748e+03
6.893224682366831985e+03
6.894799894853856131e+03
6.896375107340880277e+03
6.897950319827904423e+03
6.899525532314928569e+03
6.901100744801951805e+03
6.902675957288975951e+03
6.904251169776000097e+03
6.905826382263024243e+03
6.907401594750048389e+03
6.908976807237072535e+03
6.910552019724096681e+03
6.912127232211119917e+03
6.913702444698144063e+03
6.915277657185168209e+03
6.916852869672192355e+03
6.918428082159216501e+03
6.920003294646240647e+03
6.921578507133263884e+03
6.923153719620288030e+03
6.924728932107312176e+03
6.926304144594336321e+03
6.927879357081360467e+03
6.929454569568384613e+03
6.931029782055407850e+03
6.932604994542431996e+03
6.934180207029456142e+03
6.935755419516480288e+03
6.937330632003504434e+03
6.938905844490528580e+03
6.940481056977552726e+03
6.942056269464575962e+03
6.943631481951600108e+03
6.945206694438624254e+03
6.946781906925648400e+03
6.948357119412672546e+03
6.949932331899695782e+03
6.951507544386719928e+03
6.953082756873744074e+03
6.954657969360768220e+03
6.956233181847792366e+03
6.957808394334816512e+03
6.959383606821840658e+03
6.960958819308863895e+03
6.962534031795888041e+03
6.964109244282912186e+03
6.965684456769936332e+03
6.967259669256960478e+03
6.968834881743984624e+03
6.970410094231008770e+03
6.971985306718032007e+03
6.973560519205056153e+03
6.975135731692080299e+03
6.976710944179104445e+03
6.978286156666128591e+03
6.979861369153151827e+03
6.981436581640175973e+03
6.983011794127200119e+03
6.984587006614224265e+03
6.986162219101248411e+03
6.987737431588272557e+03
6.989312644075296703e+03
6.990887856562319939e+03
6.992463069049344085e+03
6.994038281536368231e+03
6.995613494023392377e+03
6.997188706510416523e+03
6.998763918997440669e+03
7.000339131484463906e+03
7.001914343971488051e+03
7.003489556458512197e+03
7.005064768945536343e+03
7.006639981432560489e+03
7.008215193919584635e+03
7.009790406406607872e+03
7.011365618893632018e+03
7.012940831380656164e+03
7.014516043867680310e+03
7.016091256354704456e+03
7.017666468841728602e+03
7.019241681328752748e+03
7.020816893815775984e+03
7.022392106302800130e+03
7.023967318789824276e+03
7.025542531276848422e+03
7.027117743763872568e+03
7.028692956250895804e+03
7.030268168737919950e+03
7.031843381224944096e+03
7.033418593711968242e+03
7.034993806198992388e+03
7.036569018686016534e+03
7.038144231173040680e+03
7.039719443660063916e+03
7.041294656147088062e+03
7.042869868634112208e+03
7.044445081121136354e+03
7.046020293608160500e+03
7.047595506095184646e+03
7.049170718582208792e+03
7.050745931069232029e+03
7.052321143556256175e+03
7.053896356043280321e+03
7.055471568530304467e+03
7.057046781017328613e+03
7.058621993504351849e+03
7.060197205991375995e+03
7.061772418478400141e+03
7.063347630965424287e+03
7.064922843452448433e+03
7.066498055939472579e+03
7.068073268426496725e+03
7.069648480913519961e+03
7.071223693400544107e+03
7.072798905887568253e+03
7.074374118374592399e+03
7.075949330861616545e+03
7.077524543348639781e+03
7.079099755835663927e+03
7.080674968322688073e+03
7.082250180809712219e+03
7.083825393296736365e+03
7.085400605783760511e+03
7.086975818270784657e+03
7.088551030757807894e+03
7.090126243244832040e+03
7.091701455731856186e+03
7.093276668218880332e+03
7.094851880705904478e+03
7.096427093192928623e+03
7.098002305679952769e+03
7.099577518166976006e+03
7.101152730654000152e+03
7.102727943141024298e+03
7.104303155628048444e+03
7.105878368115072590e+03
7.107453580602095826e+03
7.109028793089119972e+03
7.110604005576144118e+03
7.112179218063168264e+03
7.113754430550192410e+03
7.115329643037216556e+03
7.116904855524240702e+03
7.118480068011263938e+03
7.120055280498288084e+03
7.121630492985312230e+03
7.123205705472336376e+03
7.124780917959360522e+03
7.126356130446384668e+03
7.127931342933407905e+03
7.129506555420432051e+03
7.131081767907456197e+03
7.132656980394480343e+03
7.134232192881504488e+03
7.135807405368528634e+03
7.137382617855551871e+03
7.138957830342576017e+03
7.140533042829600163e+03
7.142108255316624309e+03
7.143683467803648455e+03
7.145258680290672601e+03
7.146833892777696747e+03
7.148409105264719983e+03
7.149984317751744129e+03
7.151559530238768275e+03
7.153134742725792421e+03
7.154709955212816567e+03
7.156285167699839803e+03
7.157860380186863949e+03
7.159435592673888095e+03
7.161010805160912241e+03
7.162586017647936387e+03
7.164161230134960533e+03
7.165736442621984679e+03
7.167311655109007916e+03
7.168886867596032062e+03
7.170462080083056208e+03
7.172037292570080353e+03
7.173612505057104499e+03
7.175187717544128645e+03
7.176762930031152791e+03
7.178338142518176028e+03
7.179913355005200174e+03
7.181488567492224320e+03
7.183063779979248466e+03
7.184638992466272612e+03
7.186214204953295848e+03
7.187789417440319994e+03
7.189364629927344140e+03
7.190939842414368286e+03
7.192515054901392432e+03
7.194090267388416578e+03
7.195665479875440724e+03
7.197240692362463960e+03
7.198815904849488106e+03
7.200391117336512252e+03
7.201966329823536398e+03
7.203541542310560544e+03
7.205116754797584690e+03
7.206691967284607927e+03
7.208267179771632073e+03
7.209842392258656218e+03
7.211417604745680364e+03
7.212992817232704510e+03
7.214568029719728656e+03
7.216143242206751893e+03
7.217718454693776039e+03
7.219293667180800185e+03
7.220868879667824331e+03
7.222444092154848477e+03
7.224019304641872623e+03
7.225594517128896769e+03
7.227169729615920005e+03
7.228744942102944151e+03
7.230320154589968297e+03
7.231895367076992443e+03
7.233470579564016589e+03
7.235045792051039825e+03
7.236621004538063971e+03
7.238196217025088117e+03
7.239771429512112263e+03
7.241346641999136409e+03
7.242921854486160555e+03
7.244497066973184701e+03
7.246072279460207938e+03
7.247647491947232083e+03
7.249222704434256229e+03
7.250797916921280375e+03
7.252373129408304521e+03
7.253948341895328667e+03
7.255523554382351904e+03
7.257098766869376050e+03
7.258673979356400196e+03
7.260249191843424342e+03
7.261824404330448488e+03
7.263399616817472634e+03
7.264974829304495870e+03
7.266550041791520016e+03
7.268125254278544162e+03
7.269700466765568308e+03
7.271275679252592454e+03
7.272850891739616600e+03
7.274426104226640746e+03
7.276001316713663982e+03
7.277576529200688128e+03
7.279151741687712274e+03
7.280726954174736420e+03
7.282302166661760566e+03
7.283877379148784712e+03
7.285452591635807948e+03
7.287027804122832094e+03
7.288603016609856240e+03
7.290178229096880386e+03
7.291753441583904532e+03
7.293328654070928678e+03
7.294903866557951915e+03
7.296479079044976061e+03
7.298054291532000207e+03
7.299629504019024353e+03
7.301204716506048499e+03
7.302779928993072645e+03
7.304355141480095881e+03
7.305930353967120027e+03
7.307505566454144173e+03
7.309080778941168319e+03
7.310655991428192465e+03
7.312231203915216611e+03
7.313806416402239847e+03
7.315381628889263993e+03
7.316956841376288139e+03
7.318532053863312285e+03
7.320107266350336431e+03
7.321682478837360577e+03
7.323257691324384723e+03
7.324832903811407959e+03
7.326408116298432105e+03
7.327983328785456251e+03
7.329558541272480397e+03
7.331133753759504543e+03
7.332708966246528689e+03
7.334284178733551926e+03
7.335859391220576072e+03
7.337434603707600218e+03
7.339009816194624364e+03
7.340585028681648510e+03
7.342160241168672655e+03
7.343735453655695892e+03
7.345310666142720038e+03
7.346885878629744184e+03
7.348461091116768330e+03
7.350036303603792476e+03
7.351611516090816622e+03
7.353186728577840768e+03
7.354761941064864004e+03
7.356337153551888150e+03
7.357912366038912296e+03
7.359487578525936442e+03
7.361062791012960588e+03
7.362638003499983824e+03
7.364213215987007970e+03
7.365788428474032116e+03
7.367363640961056262e+03
7.368938853448080408e+03
7.370514065935104554e+03
7.372089278422128700e+03
7.373664490909151937e+03
7.375239703396176083e+03
7.376814915883200229e+03
7.378390128370224375e+03
7.379965340857248520e+03
7.381540553344272666e+03
7.383115765831295903e+03
7.384690978318320049e+03
7.386266190805344195e+03
7.387841403292368341e+03
7.389416615779392487e+03
7.390991828266416633e+03
7.392567040753439869e+03
7.394142253240464015e+03
7.395717465727488161e+03
7.397292678214512307e+03
7.398867890701536453e+03
7.400443103188560599e+03
7.402018315675584745e+03
7.403593528162607981e+03
7.405168740649632127e+03
7.406743953136656273e+03
7.408319165623680419e+03
7.409894378110704565e+03
7.411469590597728711e+03
7.413044803084751948e+03
7.414620015571776094e+03
7.416195228058800240e+03
7.417770440545824385e+03
7.419345653032848531e+03
7.420920865519872677e+03
7.422496078006895914e+03
7.424071290493920060e+03
7.425646502980944206e+03
7.427221715467968352e+03
7.428796927954992498e+03
7.430372140442016644e+03
7.431947352929039880e+03
7.433522565416064026e+03
7.435097777903088172e+03
7.436672990390112318e+03
7.438248202877136464e+03
7.439823415364160610e+03
7.441398627851183846e+03
7.442973840338207992e+03
7.444549052825232138e+03
7.446124265312256284e+03
7.447699477799280430e+03
7.449274690286304576e+03
7.450849902773328722e+03
7.452425115260351959e+03
7.454000327747376105e+03
7.455575540234400250e+03
7.457150752721424396e+03
7.458725965208448542e+03
7.460301177695472688e+03
7.461876390182495925e+03
7.463451602669520071e+03
7.465026815156544217e+03
7.466602027643568363e+03
7.468177240130592509e+03
7.469752452617616655e+03
7.471327665104639891e+03
7.472902877591664037e+03
7.474478090078688183e+03
7.476053302565712329e+03
7.477628515052736475e+03
7.479203727539760621e+03
7.480778940026784767e+03
7.482354152513808003e+03
7.483929365000832149e+03
7.485504577487856295e+03
7.487079789974880441e+03
7.488655002461904587e+03
7.490230214948928733e+03
7.491805427435951970e+03
7.493380639922976115e+03
7.494955852410000261e+03
7.496531064897024407e+03
7.498106277384048553e+03
7.499681489871072699e+03
7.501256702358095936e+03
7.502831914845120082e+03
7.504407127332144228e+03
7.505982339819168374e+03
7.507557552306192520e+03
7.509132764793216666e+03
7.510707977280239902e+03
7.512283189767264048e+03
7.513858402254288194e+03
7.515433614741312340e+03
7.517008827228336486e+03
7.518584039715360632e+03
7.520159252202383868e+03
7.521734464689408014e+03
7.523309677176432160e+03
7.524884889663456306e+03
7.526460102150480452e+03
7.528035314637504598e+03
7.529610527124528744e+03
7.531185739611551980e+03
7.532760952098576126e+03
7.534336164585600272e+03
7.535911377072624418e+03
7.537486589559648564e+03
7.539061802046672710e+03
7.540637014533695947e+03
7.542212227020720093e+03
7.543787439507744239e+03
7.545362651994768385e+03
7.546937864481792531e+03
7.548513076968816677e+03
7.550088289455839913e+03
7.551663501942864059e+03
7.553238714429888205e+03
7.554813926916912351e+03
7.556389139403936497e+03
7.557964351890960643e+03
7.559539564377983879e+03
7.561114776865008025e+03
7.562689989352032171e+03
7.564265201839056317e+03
7.565840414326080463e+03
7.567415626813104609e+03
7.568990839300128755e+03
7.570566051787151991e+03
7.572141264274176137e+03
7.573716476761200283e+03
7.575291689248224429e+03
7.576866901735248575e+03
7.578442114222272721e+03
7.580017326709295958e+03
7.581592539196320104e+03
7.583167751683344250e+03
7.584742964170368396e+03
7.586318176657392542e+03
7.587893389144416687e+03
7.589468601631439924e+03
7.591043814118464070e+03
7.592619026605488216e+03
7.594194239092512362e+03
7.595769451579536508e+03
7.597344664066560654e+03
7.598919876553583890e+03
7.600495089040608036e+03
7.602070301527632182e+03
7.603645514014656328e+03
7.605220726501680474e+03
7.606795938988704620e+03
7.608371151475728766e+03
7.609946363962752002e+03
7.611521576449776148e+03
7.613096788936800294e+03
7.614672001423824440e+03
7.616247213910848586e+03
7.617822426397872732e+03
7.619397638884895969e+03
7.620972851371920115e+03
7.622548063858944261e+03
7.624123276345968407e+03
7.625698488832992552e+03
7.627273701320016698e+03
7.628848913807039935e+03
7.630424126294064081e+03
7.631999338781088227e+03
7.633574551268112373e+03
7.635149763755136519e+03
7.636724976242160665e+03
7.638300188729183901e+03
7.639875401216208047e+03
7.641450613703232193e+03
7.643025826190256339e+03
7.644601038677280485e+03
7.646176251164304631e+03
7.647751463651327867e+03
7.649326676138352013e+03
7.650901888625376159e+03
7.652477101112400305e+03
7.654052313599424451e+03
7.655627526086448597e+03
7.657202738573472743e+03
7.658777951060495980e+03
7.660353163547520126e+03
7.661928376034544272e+03
7.663503588521568417e+03
7.665078801008592563e+03
7.666654013495616709e+03
7.668229225982639946e+03
7.669804438469664092e+03
7.671379650956688238e+03
7.672954863443712384e+03
7.674530075930736530e+03
7.676105288417760676e+03
7.677680500904783912e+03
7.679255713391808058e+03
7.680830925878832204e+03
7.682406138365856350e+03
7.683981350852880496e+03
7.685556563339904642e+03
7.687131775826927878e+03
7.688706988313952024e+03
7.690282200800976170e+03
7.691857413288000316e+03
7.693432625775024462e+03
7.695007838262048608e+03
7.696583050749072754e+03
7.698158263236095991e+03
7.699733475723120137e+03
7.701308688210144282e+03
7.702883900697168428e+03
7.704459113184192574e+03
7.706034325671216720e+03
7.707609538158239957e+03
7.709184750645264103e+03
7.710759963132288249e+03
7.712335175619312395e+03
7.713910388106336541e+03
7.715485600593360687e+03
7.717060813080383923e+03
7.718636025567408069e+03
7.720211238054432215e+03
7.721786450541456361e+03
7.723361663028480507e+03
7.724936875515504653e+03
7.726512088002527889e+03
7.728087300489552035e+03
7.729662512976576181e+03
7.731237725463600327e+03
7.732812937950624473e+03
7.734388150437648619e+03
7.735963362924672765e+03
7.737538575411696002e+03
7.739113787898720147e+03
7.740689000385744293e+03
7.742264212872768439e+03
7.743839425359792585e+03
7.745414637846816731e+03
7.746989850333839968e+03
7.748565062820864114e+03
7.750140275307888260e+03
7.751715487794912406e+03
7.753290700281936552e+03
7.754865912768960698e+03
7.756441125255983934e+03
7.758016337743008080e+03
7.759591550230032226e+03
7.761166762717056372e+03
7.762741975204080518e+03
7.764317187691104664e+03
7.765892400178127900e+03
7.767467612665152046e+03
7.769042825152176192e+03
7.770618037639200338e+03
7.772193250126224484e+03
7.773768462613248630e+03
7.775343675100271867e+03
7.776918887587296012e+03
7.778494100074320158e+03
7.780069312561344304e+03
7.781644525048368450e+03
7.783219737535392596e+03
7.784794950022416742e+03
7.786370162509439979e+03
7.787945374996464125e+03
7.789520587483488271e+03
7.791095799970512417e+03
7.792671012457536563e+03
7.794246224944560709e+03
7.795821437431583945e+03
7.797396649918608091e+03
7.798971862405632237e+03
7.800547074892656383e+03
7.802122287379680529e+03
7.803697499866704675e+03
7.805272712353727911e+03
7.806847924840752057e+03
7.808423137327776203e+03
7.809998349814800349e+03
7.811573562301824495e+03
7.813148774788848641e+03
7.814723987275871878e+03
7.816299199762896023e+03
7.817874412249920169e+03
7.819449624736944315e+03
7.821024837223968461e+03
7.822600049710992607e+03
7.824175262198016753e+03
7.825750474685039990e+03
7.827325687172064136e+03
7.828900899659088282e+03
7.830476112146112428e+03
7.832051324633136574e+03
7.833626537120160719e+03
7.835201749607183956e+03
7.836776962094208102e+03
7.838352174581232248e+03
7.839927387068256394e+03
7.841502599555280540e+03
7.843077812042304686e+03
7.844653024529327922e+03
7.846228237016352068e+03
7.847803449503376214e+03
7.849378661990400360e+03
7.850953874477424506e+03
7.852529086964448652e+03
7.854104299451471888e+03
7.855679511938496034e+03
7.857254724425520180e+03
7.858829936912544326e+03
7.860405149399568472e+03
7.861980361886592618e+03
7.863555574373616764e+03
7.865130786860640001e+03
7.866705999347664147e+03
7.868281211834688293e+03
7.869856424321712439e+03
7.871431636808736584e+03
7.873006849295760730e+03
7.874582061782783967e+03
7.876157274269808113e+03
7.877732486756832259e+03
7.879307699243856405e+03
7.880882911730880551e+03
7.882458124217904697e+03
7.884033336704927933e+03
7.885608549191952079e+03
7.887183761678976225e+03
7.888758974166000371e+03
7.890334186653024517e+03
7.891909399140048663e+03
7.893484611627071899e+03
7.895059824114096045e+03
7.896635036601120191e+03
7.898210249088144337e+03
7.899785461575168483e+03
7.901360674062192629e+03
7.902935886549215866e+03
7.904511099036240012e+03
7.906086311523264158e+03
7.907661524010288304e+03
7.909236736497312450e+03
7.910811948984336595e+03
7.912387161471360741e+03
7.913962373958383978e+03
7.915537586445408124e+03
7.917112798932432270e+03
7.918688011419456416e+03
7.920263223906480562e+03
7.921838436393504708e+03
7.923413648880527944e+03
7.924988861367552090e+03
7.926564073854576236e+03
7.928139286341600382e+03
7.929714498828624528e+03
7.931289711315648674e+03
7.932864923802671910e+03
7.934440136289696056e+03
7.936015348776720202e+03
7.937590561263744348e+03
7.939165773750768494e+03
7.940740986237792640e+03
7.942316198724816786e+03
7.943891411211840023e+03
7.945466623698864169e+03
7.947041836185888315e+03
7.948617048672912460e+03
7.950192261159936606e+03
7.951767473646960752e+03
7.953342686133983989e+03
7.954917898621008135e+03
7.956493111108032281e+03
7.958068323595056427e+03
7.959643536082080573e+03
7.961218748569104719e+03
7.962793961056127955e+03
7.964369173543152101e+03
7.965944386030176247e+03
7.967519598517200393e+03
7.969094811004224539e+03
7.970670023491248685e+03
7.972245235978271921e+03
7.973820448465296067e+03
7.975395660952320213e+03
7.976970873439344359e+03
7.978546085926368505e+03
7.980121298413392651e+03
7.981696510900415888e+03
7.983271723387440034e+03
7.984846935874464180e+03
7.986422148361488325e+03
7.987997360848512471e+03
7.989572573335536617e+03
7.991147785822560763e+03
7.992722998309584000e+03
7.994298210796608146e+03
7.995873423283632292e+03
7.997448635770656438e+03
7.999023848257680584e+03
8.000599060744704730e+03
8.002174273231727966e+03
8.003749485718752112e+03
8.005324698205776258e+03
8.006899910692800404e+03
8.008475123179824550e+03
8.010050335666848696e+03
8.011625548153871932e+03
8.013200760640896078e+03
8.014775973127920224e+03
8.016351185614944370e+03
8.017926398101968516e+03
8.019501610588992662e+03
8.021076823076016808e+03
8.022652035563040045e+03
8.024227248050064190e+03
8.025802460537088336e+03
8.027377673024112482e+03
8.028952885511136628e+03
8.030528097998159865e+03
8.032103310485184011e+03
8.033678522972208157e+03
8.035253735459232303e+03
8.036828947946256449e+03
8.038404160433280595e+03
8.039979372920304741e+03
8.041554585407327977e+03
8.043129797894352123e+03
8.044705010381376269e+03
8.046280222868400415e+03
8.047855435355424561e+03
8.049430647842448707e+03
8.051005860329471943e+03
8.052581072816496089e+03
8.054156285303520235e+03
8.055731497790544381e+03
8.057306710277568527e+03
8.058881922764592673e+03
8.060457135251615910e+03
8.062032347738640055e+03
8.063607560225664201e+03
8.065182772712688347e+03
8.066757985199712493e+03
8.068333197686736639e+03
8.069908410173760785e+03
8.071483622660784022e+03
8.073058835147808168e+03
8.074634047634832314e+03
8.076209260121856460e+03
8.077784472608880606e+03
8.079359685095904752e+03
8.080934897582927988e+03
8.082510110069952134e+03
8.084085322556976280e+03
8.085660535044000426e+03
8.087235747531024572e+03
8.088810960018048718e+03
8.090386172505071954e+03
8.091961384992096100e+03
8.093536597479120246e+03
8.095111809966144392e+03
8.096687022453168538e+03
8.098262234940192684e+03
8.099837447427215920e+03
8.101412659914240066e+03
8.102987872401264212e+03
8.104563084888288358e+03
8.106138297375312504e+03
8.107713509862336650e+03
8.109288722349359887e+03
8.110863934836384033e+03
8.112439147323408179e+03
8.114014359810432325e+03
8.115589572297456471e+03
8.117164784784480617e+03
8.118739997271504762e+03
8.120315209758527999e+03
8.121890422245552145e+03
8.123465634732576291e+03
8.125040847219600437e+03
8.126616059706624583e+03
8.128191272193648729e+03
8.129766484680671965e+03
8.131341697167696111e+03
8.132916909654720257e+03
8.134492122141744403e+03
8.136067334628768549e+03
8.137642547115792695e+03
8.139217759602815931e+03
8.140792972089840077e+03
8.142368184576864223e+03
8.143943397063888369e+03
8.145518609550912515e+03
8.147093822037936661e+03
8.148669034524960807e+03
8.150244247011984044e+03
8.151819459499008190e+03
8.153394671986032336e+03
8.154969884473056482e+03
8.156545096960080627e+03
8.158120309447103864e+03
8.159695521934128010e+03
8.161270734421152156e+03
8.162845946908176302e+03
8.164421159395200448e+03
8.165996371882224594e+03
8.167571584369248740e+03
8.169146796856271976e+03
8.170722009343296122e+03
8.172297221830320268e+03
8.173872434317344414e+03
8.175447646804368560e+03
8.177022859291392706e+03
8.178598071778415942e+03
8.180173284265440088e+03
8.181748496752464234e+03
8.183323709239488380e+03
8.184898921726512526e+03
8.186474134213536672e+03
8.188049346700559909e+03
8.189624559187584055e+03
8.191199771674608201e+03
8.192774984161631437e+03
8.194350196648656492e+03
8.195925409135679729e+03
8.197500621622704784e+03
8.199075834109728021e+03
8.200651046596753076e+03
8.202226259083776313e+03
8.203801471570799549e+03
8.205376684057824605e+03
8.206951896544847841e+03
8.208527109031872897e+03
8.210102321518896133e+03
8.211677534005921189e+03
8.213252746492944425e+03
8.214827958979967661e+03
8.216403171466992717e+03
8.217978383954015953e+03
8.219553596441041009e+03
8.221128808928064245e+03
8.222704021415087482e+03
8.224279233902112537e+03
8.225854446389135774e+03
8.227429658876160829e+03
8.229004871363184066e+03
8.230580083850209121e+03
8.232155296337232357e+03
8.233730508824255594e+03
8.235305721311280649e+03
8.236880933798303886e+03
8.238456146285328941e+03
8.240031358772352178e+03
8.241606571259377233e+03
8.243181783746400470e+03
8.244756996233423706e+03
8.246332208720448762e+03
8.247907421207471998e+03
8.249482633694497054e+03
8.251057846181520290e+03
8.252633058668543526e+03
8.254208271155568582e+03
8.255783483642591818e+03
8.257358696129616874e+03
8.258933908616640110e+03
8.260509121103665166e+03
8.262084333590688402e+03
8.263659546077711639e+03
8.265234758564736694e+03
8.266809971051759931e+03
8.268385183538784986e+03
8.269960396025808222e+03
8.271535608512833278e+03
8.273110820999856514e+03
8.274686033486879751e+03
8.276261245973904806e+03
8.277836458460928043e+03
8.279411670947953098e+03
8.280986883434976335e+03
8.282562095921999571e+03
8.284137308409024627e+03
8.285712520896047863e+03
8.287287733383072919e+03
8.288862945870096155e+03
8.290438158357119391e+03
8.292013370844144447e+03
8.293588583331167683e+03
8.295163795818192739e+03
8.296739008305215975e+03
8.298314220792241031e+03
8.299889433279264267e+03
8.301464645766287504e+03
8.303039858253312559e+03
8.304615070740335796e+03
8.306190283227360851e+03
8.307765495714384087e+03
8.309340708201409143e+03
8.310915920688432379e+03
8.312491133175455616e+03
8.314066345662480671e+03
8.315641558149503908e+03
8.317216770636528963e+03
8.318791983123552200e+03
8.320367195610575436e+03
8.321942408097600492e+03
8.323517620584623728e+03
8.325092833071648784e+03
8.326668045558672020e+03
8.328243258045697075e+03
8.329818470532720312e+03
8.331393683019743548e+03
8.332968895506768604e+03
8.334544107993791840e+03
8.336119320480816896e+03
8.337694532967840132e+03
8.339269745454865188e+03
8.340844957941888424e+03
8.342420170428911661e+03
8.343995382915936716e+03
8.345570595402959952e+03
8.347145807889985008e+03
8.348721020377008244e+03
8.350296232864031481e+03
8.351871445351056536e+03
8.353446657838079773e+03
8.355021870325104828e+03
8.356597082812128065e+03
8.358172295299153120e+03
8.359747507786176357e+03
8.361322720273199593e+03
8.362897932760224649e+03
8.364473145247247885e+03
8.366048357734272940e+03
8.367623570221296177e+03
8.369198782708321232e+03
8.370773995195344469e+03
8.372349207682367705e+03
8.373924420169392761e+03
8.375499632656415997e+03
8.377074845143441053e+03
8.378650057630464289e+03
8.380225270117487526e+03
8.381800482604512581e+03
8.383375695091535817e+03
8.384950907578560873e+03
8.386526120065584109e+03
8.388101332552609165e+03
8.389676545039632401e+03
8.391251757526655638e+03
8.392826970013680693e+03
8.394402182500703930e+03
8.395977394987728985e+03
8.397552607474752222e+03
8.399127819961777277e+03
8.400703032448800514e+03
8.402278244935823750e+03
8.403853457422848805e+03
8.405428669909872042e+03
8.407003882396897097e+03
8.408579094883920334e+03
8.410154307370943570e+03
8.411729519857968626e+03
8.413304732344991862e+03
8.414879944832016918e+03
8.416455157319040154e+03
8.418030369806063391e+03
8.419605582293088446e+03
8.421180794780111682e+03
8.422756007267136738e+03
8.424331219754159974e+03
8.425906432241185030e+03
8.427481644728208266e+03
8.429056857215231503e+03
8.430632069702256558e+03
8.432207282189279795e+03
8.433782494676304850e+03
8.435357707163328087e+03
8.436932919650353142e+03
8.438508132137376379e+03
8.440083344624399615e+03
8.441658557111424670e+03
8.443233769598447907e+03
8.444808982085472962e+03
8.446384194572496199e+03
8.447959407059519435e+03
8.449534619546544491e+03
8.451109832033567727e+03
8.452685044520592783e+03
8.454260257007616019e+03
8.455835469494641075e+03
8.457410681981664311e+03
8.458985894468687547e+03
8.460561106955712603e+03
8.462136319442735839e+03
8.463711531929760895e+03
8.465286744416784131e+03
8.466861956903809187e+03
8.468437169390832423e+03
8.470012381877855660e+03
8.471587594364880715e+03
8.473162806851903952e+03
8.474738019338929007e+03
8.476313231825952244e+03
8.477888444312975480e+03
8.479463656800000535e+03
8.481038869287023772e+03
8.482614081774048827e+03
8.484189294261072064e+03
8.485764506748097119e+03
8.487339719235120356e+03
8.488914931722143592e+03
8.490490144209168648e+03
8.492065356696191884e+03
8.493640569183216940e+03
8.495215781670240176e+03
8.496790994157265231e+03
8.498366206644288468e+03
8.499941419131311704e+03
8.501516631618336760e+03
8.503091844105359996e+03
8.504667056592385052e+03
8.506242269079408288e+03
8.507817481566431525e+03
8.509392694053456580e+03
8.510967906540479817e+03
8.512543119027504872e+03
8.514118331514528109e+03
8.515693544001553164e+03
8.517268756488576400e+03
8.518843968975599637e+03
8.520419181462624692e+03
8.521994393949647929e+03
8.523569606436672984e+03
8.525144818923696221e+03
8.526720031410721276e+03
8.528295243897744513e+03
8.529870456384767749e+03
8.531445668871792805e+03
8.533020881358816041e+03
8.534596093845841096e+03
8.536171306332864333e+03
8.537746518819887569e+03
8.539321731306912625e+03
8.540896943793935861e+03
8.542472156280960917e+03
8.544047368767984153e+03
8.545622581255009209e+03
8.547197793742032445e+03
8.548773006229055682e+03
8.550348218716080737e+03
8.551923431203103974e+03
8.553498643690129029e+03
8.555073856177152265e+03
8.556649068664177321e+03
8.558224281151200557e+03
8.559799493638223794e+03
8.561374706125248849e+03
8.562949918612272086e+03
8.564525131099297141e+03
8.566100343586320378e+03
8.567675556073343614e+03
8.569250768560368670e+03
8.570825981047391906e+03
8.572401193534416961e+03
8.573976406021440198e+03
8.575551618508463434e+03
8.577126830995488490e+03
8.578702043482511726e+03
8.580277255969536782e+03
8.581852468456560018e+03
8.583427680943585074e+03
8.585002893430608310e+03
8.586578105917631547e+03
8.588153318404656602e+03
8.589728530891679839e+03
8.591303743378704894e+03
8.592878955865728130e+03
8.594454168352753186e+03
8.596029380839776422e+03
8.597604593326799659e+03
8.599179805813824714e+03
8.600755018300847951e+03
8.602330230787873006e+03
8.603905443274896243e+03
8.605480655761919479e+03
8.607055868248944535e+03
8.608631080735967771e+03
8.610206293222992826e+03
8.611781505710016063e+03
8.613356718197041118e+03
8.614931930684064355e+03
8.616507143171087591e+03
8.618082355658112647e+03
8.619657568145135883e+03
8.621232780632160939e+03
8.622807993119184175e+03
8.624383205606209231e+03
8.625958418093232467e+03
8.627533630580255704e+03
8.629108843067280759e+03
8.630684055554303995e+03
8.632259268041329051e+03
8.633834480528352287e+03
8.635409693015375524e+03
8.636984905502400579e+03
8.638560117989423816e+03
8.640135330476448871e+03
8.641710542963472108e+03
8.643285755450497163e+03
8.644860967937520400e+03
8.646436180424543636e+03
8.648011392911568691e+03
8.649586605398591928e+03
8.651161817885616983e+03
8.652737030372640220e+03
8.654312242859665275e+03
8.655887455346688512e+03
8.657462667833711748e+03
8.659037880320736804e+03
8.660613092807760040e+03
8.662188305294785096e+03
8.663763517781808332e+03
8.665338730268831569e+03
8.666913942755856624e+03
8.668489155242879860e+03
8.670064367729904916e+03
8.671639580216928152e+03
8.673214792703953208e+03
8.674790005190976444e+03
8.676365217677999681e+03
8.677940430165024736e+03
8.679515642652047973e+03
8.681090855139073028e+03
8.682666067626096265e+03
8.684241280113121320e+03
8.685816492600144556e+03
8.687391705087167793e+03
8.688966917574192848e+03
8.690542130061216085e+03
8.692117342548241140e+03
8.693692555035264377e+03
8.695267767522287613e+03
8.696842980009312669e+03
8.698418192496335905e+03
8.699993404983360961e+03
8.701568617470384197e+03
8.703143829957407434e+03
8.704719042444432489e+03
8.706294254931455725e+03
8.707869467418480781e+03
8.709444679905504017e+03
8.711019892392529073e+03
8.712595104879552309e+03
8.714170317366575546e+03
8.715745529853600601e+03
8.717320742340623838e+03
8.718895954827648893e+03
8.720471167314672130e+03
8.722046379801697185e+03
8.723621592288720421e+03
8.725196804775743658e+03
8.726772017262768713e+03
8.728347229749791950e+03
8.729922442236817005e+03
8.731497654723840242e+03
8.733072867210863478e+03
8.734648079697888534e+03
8.736223292184911770e+03
8.737798504671936826e+03
8.739373717158960062e+03
8.740948929645985118e+03
8.742524142133008354e+03
8.744099354620031590e+03
8.745674567107056646e+03
8.747249779594079882e+03
8.748824992081104938e+03
8.750400204568128174e+03
8.751975417055153230e+03
8.753550629542176466e+03
8.755125842029199703e+03
8.756701054516224758e+03
8.758276267003247995e+03
8.759851479490273050e+03
8.761426691977296286e+03
8.763001904464319523e+03
8.764577116951344578e+03
8.766152329438367815e+03
8.767727541925392870e+03
8.769302754412416107e+03
8.770877966899441162e+03
8.772453179386464399e+03
8.774028391873487635e+03
8.775603604360512691e+03
8.777178816847535927e+03
8.778754029334560983e+03
8.780329241821584219e+03
8.781904454308609274e+03
8.783479666795632511e+03
8.785054879282655747e+03
8.786630091769680803e+03
8.788205304256704039e+03
8.789780516743729095e+03
8.791355729230752331e+03
8.792930941717775568e+03
8.794506154204800623e+03
8.796081366691823860e+03
8.797656579178848915e+03
8.799231791665872151e+03
8.800807004152895388e+03
8.802382216639920443e+03
8.803957429126943680e+03
8.805532641613968735e+03
8.807107854100991972e+03
8.808683066588017027e+03
8.810258279075040264e+03
8.811833491562065319e+03
8.813408704049088556e+03
8.814983916536111792e+03
8.816559129023136848e+03
8.818134341510160084e+03
8.819709553997185139e+03
8.821284766484208376e+03
8.822859978971231612e+03
8.824435191458256668e+03
8.826010403945279904e+03
8.827585616432304960e+03
8.829160828919328196e+03
8.830736041406351433e+03
8.832311253893376488e+03
8.833886466380399725e+03
8.835461678867424780e+03
8.837036891354448017e+03
8.838612103841473072e+03
8.840187316328496308e+03
8.841762528815521364e+03
8.843337741302544600e+03
8.844912953789567837e+03
8.846488166276592892e+03
8.848063378763616129e+03
8.849638591250641184e+03
8.851213803737664421e+03
8.852789016224687657e+03
8.854364228711712713e+03
8.855939441198735949e+03
8.857514653685761004e+03
8.859089866172784241e+03
8.860665078659807477e+03
8.862240291146832533e+03
8.863815503633855769e+03
8.865390716120880825e+03
8.866965928607904061e+03
8.868541141094929117e+03
8.870116353581952353e+03
8.871691566068975590e+03
8.873266778556000645e+03
8.874841991043023882e+03
8.876417203530048937e+03
8.877992416017072173e+03
8.879567628504097229e+03
8.881142840991120465e+03
8.882718053478143702e+03
8.884293265965168757e+03
8.885868478452191994e+03
8.887443690939217049e+03
8.889018903426240286e+03
8.890594115913263522e+03
8.892169328400288578e+03
8.893744540887311814e+03
8.895319753374336869e+03
8.896894965861360106e+03
8.898470178348385161e+03
8.900045390835408398e+03
8.901620603322431634e+03
8.903195815809456690e+03
8.904771028296479926e+03
8.906346240783504982e+03
8.907921453270528218e+03
8.909496665757553274e+03
8.911071878244576510e+03
8.912647090731599747e+03
8.914222303218624802e+03
8.915797515705648038e+03
8.917372728192673094e+03
8.918947940679696330e+03
8.920523153166719567e+03
8.922098365653744622e+03
8.923673578140767859e+03
8.925248790627792914e+03
8.926824003114816151e+03
8.928399215601839387e+03
8.929974428088864443e+03
8.931549640575887679e+03
8.933124853062912734e+03
8.934700065549935971e+03
8.936275278036961026e+03
8.937850490523984263e+03
8.939425703011009318e+03
8.941000915498032555e+03
8.942576127985055791e+03
8.944151340472080847e+03
8.945726552959104083e+03
8.947301765446129139e+03
8.948876977933152375e+03
8.950452190420175612e+03
8.952027402907200667e+03
8.953602615394223903e+03
8.955177827881248959e+03
8.956753040368272195e+03
8.958328252855295432e+03
8.959903465342320487e+03
8.961478677829343724e+03
8.963053890316368779e+03
8.964629102803392016e+03
8.966204315290417071e+03
8.967779527777440308e+03
8.969354740264465363e+03
8.970929952751488599e+03
8.972505165238511836e+03
8.974080377725536891e+03
8.975655590212560128e+03
8.977230802699585183e+03
8.978806015186608420e+03
8.980381227673631656e+03
8.981956440160656712e+03
8.983531652647679948e+03
8.985106865134705004e+03
8.986682077621728240e+03
8.988257290108751477e+03
8.989832502595776532e+03
8.991407715082799768e+03
8.992982927569824824e+03
8.994558140056848060e+03
8.996133352543873116e+03
8.997708565030896352e+03
8.999283777517919589e+03
9.000858990004944644e+03
9.002434202491967881e+03
9.004009414978992936e+03
9.005584627466016173e+03
9.007159839953041228e+03
9.008735052440064464e+03
9.010310264927087701e+03
9.011885477414112756e+03
9.013460689901135993e+03
9.015035902388161048e+03
9.016611114875184285e+03
9.018186327362207521e+03
9.019761539849232577e+03
9.021336752336255813e+03
9.022911964823280869e+03
9.024487177310304105e+03
9.026062389797329161e+03
9.027637602284352397e+03
9.029212814771375633e+03
9.030788027258400689e+03
9.032363239745423925e+03
9.033938452232448981e+03
9.035513664719472217e+03
9.037088877206497273e+03
9.038664089693520509e+03
9.040239302180543746e+03
9.041814514667568801e+03
9.043389727154592038e+03
9.044964939641617093e+03
9.046540152128640329e+03
9.048115364615663566e+03
9.049690577102688621e+03
9.051265789589711858e+03
9.052841002076736913e+03
9.054416214563760150e+03
9.055991427050783386e+03
9.057566639537808442e+03
9.059141852024831678e+03
9.060717064511856734e+03
9.062292276998879970e+03
9.063867489485905026e+03
9.065442701972928262e+03
9.067017914459953317e+03
9.068593126946976554e+03
9.070168339433999790e+03
9.071743551921024846e+03
9.073318764408048082e+03
9.074893976895073138e+03
9.076469189382096374e+03
9.078044401869119611e+03
9.079619614356144666e+03
9.081194826843167903e+03
9.082770039330192958e+03
9.084345251817216194e+03
9.085920464304239431e+03
9.087495676791264486e+03
9.089070889278287723e+03
9.090646101765312778e+03
9.092221314252336015e+03
9.093796526739361070e+03
9.095371739226384307e+03
9.096946951713409362e+03
9.098522164200432599e+03
9.100097376687455835e+03
9.101672589174480891e+03
9.103247801661504127e+03
9.104823014148529182e+03
9.106398226635552419e+03
9.107973439122575655e+03
9.109548651609600711e+03
9.111123864096623947e+03
9.112699076583649003e+03
9.114274289070672239e+03
9.115849501557695476e+03
9.117424714044720531e+03
9.118999926531743768e+03
9.120575139018768823e+03
9.122150351505792059e+03
9.123725563992817115e+03
9.125300776479840351e+03
9.126875988966865407e+03
9.128451201453888643e+03
9.130026413940911880e+03
9.131601626427936935e+03
9.133176838914960172e+03
9.134752051401985227e+03
9.136327263889008464e+03
9.137902476376031700e+03
9.139477688863056756e+03
9.141052901350079992e+03
9.142628113837105047e+03
9.144203326324128284e+03
9.145778538811151520e+03
9.147353751298176576e+03
9.148928963785199812e+03
9.150504176272224868e+03
9.152079388759248104e+03
9.153654601246273160e+03
9.155229813733296396e+03
9.156805026220319633e+03
9.158380238707344688e+03
9.159955451194367924e+03
9.161530663681392980e+03
9.163105876168416216e+03
9.164681088655441272e+03
9.166256301142464508e+03
9.167831513629487745e+03
9.169406726116512800e+03
9.170981938603536037e+03
9.172557151090561092e+03
9.174132363577584329e+03
9.175707576064607565e+03
9.177282788551632621e+03
9.178858001038655857e+03
9.180433213525680912e+03
9.182008426012704149e+03
9.183583638499727385e+03
9.185158850986752441e+03
9.186734063473775677e+03
9.188309275960800733e+03
9.189884488447823969e+03
9.191459700934849025e+03
9.193034913421872261e+03
9.194610125908897317e+03
9.196185338395920553e+03
9.197760550882943789e+03
9.199335763369968845e+03
9.200910975856992081e+03
9.202486188344017137e+03
9.204061400831040373e+03
9.205636613318063610e+03
9.207211825805088665e+03
9.208787038292111902e+03
9.210362250779136957e+03
9.211937463266160194e+03
9.213512675753183430e+03
9.215087888240208486e+03
9.216663100727231722e+03
9.218238313214256777e+03
9.219813525701280014e+03
9.221388738188305069e+03
9.222963950675328306e+03
9.224539163162353361e+03
9.226114375649376598e+03
9.227689588136399834e+03
9.229264800623424890e+03
9.230840013110448126e+03
9.232415225597473182e+03
9.233990438084496418e+03
9.235565650571519654e+03
9.237140863058544710e+03
9.238716075545567946e+03
9.240291288032593002e+03
9.241866500519616238e+03
9.243441713006639475e+03
9.245016925493664530e+03
9.246592137980687767e+03
9.248167350467712822e+03
9.249742562954736059e+03
9.251317775441761114e+03
9.252892987928784351e+03
9.254468200415809406e+03
9.256043412902832642e+03
9.257618625389855879e+03
9.259193837876880934e+03
9.260769050363904171e+03
9.262344262850929226e+03
9.263919475337952463e+03
9.265494687824975699e+03
9.267069900312000755e+03
9.268645112799023991e+03
9.270220325286049047e+03
9.271795537773072283e+03
9.273370750260095519e+03
9.274945962747120575e+03
9.276521175234143811e+03
9.278096387721168867e+03
9.279671600208192103e+03
9.281246812695217159e+03
9.282822025182240395e+03
9.284397237669263632e+03
9.285972450156288687e+03
9.287547662643311924e+03
9.289122875130336979e+03
9.290698087617360216e+03
9.292273300104385271e+03
9.293848512591408507e+03
9.295423725078431744e+03
9.296998937565456799e+03
9.298574150052480036e+03
9.300149362539505091e+03
9.301724575026528328e+03
9.303299787513551564e+03
9.304875000000576620e+03
