-9.733311462402343750e+01
2.089942779541015625e+02
1.701433868408203125e+02
-7.122518539428710938e+00
1.177444267272949219e+01
8.993393707275390625e+01
3.589783325195312500e+02
1.502510223388671875e+02
1.329854736328125000e+02
7.690311431884765625e+01
-5.299228668212890625e+00
-3.271651916503906250e+02
4.733634338378906250e+02
4.223301696777343750e+02
7.212740478515625000e+02
1.115061767578125000e+03
1.463247924804687500e+03
1.916763183593750000e+03
2.400877441406250000e+03
1.913527709960937500e+03
1.610979492187500000e+03
2.164154785156250000e+03
2.427803466796875000e+03
1.621483520507812500e+03
1.416795654296875000e+03
1.810628051757812500e+03
1.641046752929687500e+03
1.984402221679687500e+03
1.351050537109375000e+03
1.728097534179687500e+03
1.969270751953125000e+03
1.587321533203125000e+03
1.134968750000000000e+03
9.397791137695312500e+02
1.079657470703125000e+03
9.339718627929687500e+02
7.256108398437500000e+02
6.322183837890625000e+02
9.035868530273437500e+02
8.387547607421875000e+02
1.318484039306640625e+02
5.706583251953125000e+02
4.694122009277343750e+02
-2.977365722656250000e+02
3.616900024414062500e+02
4.856621398925781250e+02
7.949467773437500000e+02
5.988144531250000000e+02
9.339849853515625000e+02
3.652362670898437500e+02
7.092017211914062500e+02
6.981376342773437500e+02
5.924490356445312500e+02
4.050996398925781250e+02
7.191896362304687500e+02
5.013129272460937500e+02
5.783950195312500000e+02
7.158777465820312500e+02
6.006752929687500000e+02
1.729228210449218750e+02
6.061500244140625000e+02
6.428287963867187500e+02
3.734533386230468750e+02
6.636467895507812500e+02
2.214122772216796875e+02
5.164243774414062500e+02
5.415859985351562500e+02
5.030383911132812500e+02
6.253608398437500000e+02
2.926986999511718750e+02
7.913765869140625000e+02
8.267529296875000000e+02
2.826075134277343750e+02
4.001366577148437500e+02
5.238449096679687500e+02
1.011051483154296875e+02
4.034381408691406250e+02
6.826074829101562500e+02
6.611870727539062500e+02
5.127048950195312500e+02
5.845421142578125000e+02
9.085869140625000000e+02
5.402072753906250000e+02
5.558175048828125000e+02
4.870478820800781250e+02
4.647565002441406250e+02
9.842005615234375000e+02
8.170919799804687500e+02
5.948152465820312500e+02
5.907628173828125000e+02
3.084714660644531250e+02
4.045129089355468750e+02
1.776798706054687500e+02
6.668681640625000000e+02
9.261153564453125000e+02
1.079649780273437500e+03
6.091771850585937500e+02
6.410808715820312500e+02
6.109924926757812500e+02
4.603721313476562500e+02
3.543592224121093750e+02
4.689980163574218750e+02
7.180155639648437500e+02
7.985347290039062500e+02
6.011658935546875000e+02
2.790882492065429688e+01
5.190053710937500000e+02
8.114204711914062500e+02
7.174369506835937500e+02
1.583475189208984375e+02
9.791788940429687500e+02
3.207345886230468750e+02
3.866942443847656250e+02
4.463785400390625000e+02
4.559278869628906250e+02
-2.647729301452636719e+01
4.048817138671875000e+02
6.113341674804687500e+02
6.686990356445312500e+02
3.935462646484375000e+02
1.936598663330078125e+02
5.078081054687500000e+02
8.203852081298828125e+01
5.054818115234375000e+02
7.589577636718750000e+02
5.498395385742187500e+02
5.486638793945312500e+02
5.905708618164062500e+02
5.512248535156250000e+02
4.663634948730468750e+02
3.003792724609375000e+02
8.603294677734375000e+02
4.179630126953125000e+02
3.511840820312500000e+02
6.339221191406250000e+02
3.618472900390625000e+02
4.363976745605468750e+02
7.772852783203125000e+02
5.987754516601562500e+02
1.126300506591796875e+02
6.467985839843750000e+02
6.514873657226562500e+02
2.889669494628906250e+02
6.854783935546875000e+02
5.443189697265625000e+02
5.697750244140625000e+02
5.367719116210937500e+02
4.896913757324218750e+02
4.968322143554687500e+02
3.821587524414062500e+02
5.863036499023437500e+02
6.869486694335937500e+02
7.691330566406250000e+02
6.462243041992187500e+02
5.623355712890625000e+02
3.003693237304687500e+02
7.220458374023437500e+02
5.995459594726562500e+02
7.211356811523437500e+02
9.649309692382812500e+02
6.060079956054687500e+02
5.641717529296875000e+02
7.701031494140625000e+02
6.313314819335937500e+02
2.235543060302734375e+02
3.963735351562500000e+02
4.596947631835937500e+02
5.902853393554687500e+02
5.142849731445312500e+02
6.880515747070312500e+02
9.039411010742187500e+02
5.720985107421875000e+02
5.697226562500000000e+02
5.424970703125000000e+02
7.970050659179687500e+02
4.596228332519531250e+02
2.520390167236328125e+02
9.072779541015625000e+02
3.403787231445312500e+02
7.247785644531250000e+02
7.161204833984375000e+02
6.904824829101562500e+02
6.273865966796875000e+02
5.704146728515625000e+02
2.109827880859375000e+02
4.861085815429687500e+02
3.186188354492187500e+02
5.823204345703125000e+02
7.382739257812500000e+02
6.782753295898437500e+02
4.919076232910156250e+02
2.919177856445312500e+02
2.708847045898437500e+02
1.229388427734375000e+02
3.800108032226562500e+02
5.167463989257812500e+02
1.027007690429687500e+03
4.413989868164062500e+02
8.975022583007812500e+02
7.572135620117187500e+02
7.567750244140625000e+02
8.190072021484375000e+02
5.911633300781250000e+02
2.286007080078125000e+02
6.166998901367187500e+02
5.364801025390625000e+02
5.025708312988281250e+02
3.466267089843750000e+02
4.660946960449218750e+02
6.944313964843750000e+02
7.847250976562500000e+02
8.966289672851562500e+02
5.505432128906250000e+02
6.852069702148437500e+02
3.708406066894531250e+02
3.916451721191406250e+02
9.372040405273437500e+02
7.483350219726562500e+02
4.489280700683593750e+02
5.596705322265625000e+02
3.611221313476562500e+02
7.224812011718750000e+02
2.146716003417968750e+02
3.321439208984375000e+02
1.005122558593750000e+03
6.227517700195312500e+02
2.786844482421875000e+02
6.244782714843750000e+02
1.156806762695312500e+03
5.765265502929687500e+02
5.576835327148437500e+02
4.603881530761718750e+02
6.853684082031250000e+02
7.097186889648437500e+02
7.542645263671875000e+02
7.466750488281250000e+02
7.298347167968750000e+02
7.506492309570312500e+02
7.184888305664062500e+02
9.035740356445312500e+02
6.346433105468750000e+02
7.135648803710937500e+02
8.048795776367187500e+02
9.276183471679687500e+02
7.368798828125000000e+02
6.655977783203125000e+02
7.502307739257812500e+02
5.465768432617187500e+02
6.958953247070312500e+02
9.587438354492187500e+02
8.118037719726562500e+02
5.794885864257812500e+02
7.766566162109375000e+02
7.276747436523437500e+02
6.730831298828125000e+02
7.432124023437500000e+02
9.381182250976562500e+02
6.874964599609375000e+02
9.250135498046875000e+02
1.031806396484375000e+03
1.003964111328125000e+03
1.098848632812500000e+03
8.886811523437500000e+02
3.485888671875000000e+02
6.401345825195312500e+02
5.159047851562500000e+02
6.955853271484375000e+02
7.569917602539062500e+02
9.293615112304687500e+02
4.212597656250000000e+02
7.591126708984375000e+02
5.315814819335937500e+02
3.364002990722656250e+02
7.916444091796875000e+02
6.094558105468750000e+02
7.983587036132812500e+02
7.337728271484375000e+02
6.945894775390625000e+02
9.547278442382812500e+02
6.233690795898437500e+02
5.615986938476562500e+02
5.635036621093750000e+02
5.611970825195312500e+02
8.287282104492187500e+02
1.164189331054687500e+03
9.119503173828125000e+02
8.583021850585937500e+02
7.115549926757812500e+02
5.643580322265625000e+02
7.134619140625000000e+02
1.044764282226562500e+03
1.106652221679687500e+03
1.244912597656250000e+03
1.078428955078125000e+03
7.885759887695312500e+02
6.418319702148437500e+02
6.571329956054687500e+02
7.415542602539062500e+02
5.828080444335937500e+02
1.226622558593750000e+03
8.105341796875000000e+02
9.949172973632812500e+02
9.740410156250000000e+02
6.725072631835937500e+02
7.789363403320312500e+02
9.365332641601562500e+02
1.164826904296875000e+03
1.043879760742187500e+03
9.473726806640625000e+02
5.954912109375000000e+02
6.964190063476562500e+02
6.920305786132812500e+02
5.344365844726562500e+02
3.577933654785156250e+02
1.012585266113281250e+03
1.218643676757812500e+03
8.383112182617187500e+02
9.155628662109375000e+02
8.284715576171875000e+02
8.230847778320312500e+02
3.843421020507812500e+02
7.396124877929687500e+02
7.537644653320312500e+02
1.019473632812500000e+03
8.945704345703125000e+02
1.196217163085937500e+03
7.309017333984375000e+02
7.769939575195312500e+02
7.767673339843750000e+02
8.030144653320312500e+02
6.048073120117187500e+02
7.988738403320312500e+02
5.476758422851562500e+02
6.926781616210937500e+02
6.491930541992187500e+02
9.153659667968750000e+02
6.406497802734375000e+02
7.683499755859375000e+02
7.705028076171875000e+02
9.990169067382812500e+02
6.306875610351562500e+02
9.064440917968750000e+02
1.067634765625000000e+03
8.910645751953125000e+02
6.817443237304687500e+02
5.171112670898437500e+02
4.114809570312500000e+02
6.623942871093750000e+02
5.389857177734375000e+02
8.746491699218750000e+02
6.632593383789062500e+02
9.780326538085937500e+02
5.428068237304687500e+02
7.521096191406250000e+02
6.382761230468750000e+02
9.488461303710937500e+02
6.669501342773437500e+02
5.722482299804687500e+02
7.599182128906250000e+02
5.850899047851562500e+02
2.738368835449218750e+02
2.700380325317382812e+01
2.884157104492187500e+02
3.603981018066406250e+02
4.224764099121093750e+02
6.172245483398437500e+02
4.108106079101562500e+02
7.359129028320312500e+02
5.024003601074218750e+02
6.539609985351562500e+02
8.309719848632812500e+02
8.550237426757812500e+02
5.371995239257812500e+02
1.204698730468750000e+03
8.932129516601562500e+02
5.207907714843750000e+02
1.057850097656250000e+03
5.374171752929687500e+02
9.387756347656250000e+02
4.700438232421875000e+02
7.409660034179687500e+02
9.521555175781250000e+02
8.996645507812500000e+02
9.585006103515625000e+02
8.899971313476562500e+02
7.729802246093750000e+02
1.065632080078125000e+03
6.915752563476562500e+02
7.960698852539062500e+02
1.197451416015625000e+03
9.761492919921875000e+02
1.406220825195312500e+03
1.930625854492187500e+03
2.524868164062500000e+03
2.318451904296875000e+03
2.497922607421875000e+03
2.670515869140625000e+03
2.287304931640625000e+03
2.015487060546875000e+03
1.196886840820312500e+03
8.578405151367187500e+02
7.600208740234375000e+02
2.032629241943359375e+02
9.699808959960937500e+02
5.101855163574218750e+02
1.051681884765625000e+03
6.842615356445312500e+02
3.442861328125000000e+02
1.021737365722656250e+03
8.677913208007812500e+02
1.027351440429687500e+03
8.348981933593750000e+02
9.656139526367187500e+02
7.678747558593750000e+02
8.227588500976562500e+02
1.181118774414062500e+03
6.047318115234375000e+02
5.545850830078125000e+02
9.234249877929687500e+02
5.579548950195312500e+02
7.266829833984375000e+02
7.414012451171875000e+02
3.860559692382812500e+02
6.526531982421875000e+02
6.441070556640625000e+02
7.795773315429687500e+02
1.018763366699218750e+03
5.111401062011718750e+02
1.023785156250000000e+03
1.095010498046875000e+03
7.655695800781250000e+02
9.843656005859375000e+02
1.116256958007812500e+03
1.229026977539062500e+03
1.065283447265625000e+03
8.832340698242187500e+02
4.829104614257812500e+02
5.740690917968750000e+02
8.809561767578125000e+02
8.001484985351562500e+02
8.031110839843750000e+02
7.857808837890625000e+02
1.171329467773437500e+03
8.435732421875000000e+02
9.666682128906250000e+02
7.889003295898437500e+02
9.646824951171875000e+02
1.202556762695312500e+03
1.187819213867187500e+03
1.306619506835937500e+03
1.149891723632812500e+03
1.267843994140625000e+03
1.457378173828125000e+03
1.358785400390625000e+03
1.355568115234375000e+03
1.302447265625000000e+03
1.157617675781250000e+03
1.077579711914062500e+03
1.204429565429687500e+03
9.913631591796875000e+02
1.398114746093750000e+03
8.146335449218750000e+02
9.496251220703125000e+02
1.084340576171875000e+03
9.931270751953125000e+02
5.910113525390625000e+02
7.606956176757812500e+02
9.815343627929687500e+02
8.629871215820312500e+02
9.627118530273437500e+02
9.952998657226562500e+02
1.006086181640625000e+03
8.049970092773437500e+02
9.427520751953125000e+02
8.236982421875000000e+02
1.040573120117187500e+03
8.516929931640625000e+02
1.220824340820312500e+03
1.140346313476562500e+03
1.285745849609375000e+03
1.165622558593750000e+03
1.259143432617187500e+03
1.334209106445312500e+03
1.434523193359375000e+03
1.073369140625000000e+03
1.485512207031250000e+03
1.075132080078125000e+03
8.200670166015625000e+02
7.564432373046875000e+02
1.240632202148437500e+03
1.294034545898437500e+03
7.811686401367187500e+02
1.223284179687500000e+03
1.190267089843750000e+03
1.097304565429687500e+03
1.015242004394531250e+03
1.211255126953125000e+03
1.334341552734375000e+03
1.621252807617187500e+03
1.140952026367187500e+03
1.396845214843750000e+03
1.292882568359375000e+03
8.710885009765625000e+02
7.222999267578125000e+02
6.373451538085937500e+02
4.088358459472656250e+02
9.263266601562500000e+02
8.441356201171875000e+02
1.081760253906250000e+03
7.267105102539062500e+02
9.605228271484375000e+02
5.132990112304687500e+02
7.601359252929687500e+02
1.170271484375000000e+03
8.132661132812500000e+02
1.353446289062500000e+03
1.164682983398437500e+03
1.160186767578125000e+03
1.165409912109375000e+03
1.384196777343750000e+03
1.395376831054687500e+03
1.224531005859375000e+03
1.584794433593750000e+03
1.357074707031250000e+03
1.808414062500000000e+03
1.886512695312500000e+03
1.719943237304687500e+03
1.369252807617187500e+03
1.229524780273437500e+03
1.203258178710937500e+03
9.312884521484375000e+02
9.951328735351562500e+02
1.244806640625000000e+03
1.569613647460937500e+03
1.364204101562500000e+03
1.704873535156250000e+03
1.485364746093750000e+03
1.303228027343750000e+03
1.866669799804687500e+03
1.824222534179687500e+03
1.662814453125000000e+03
1.529105590820312500e+03
1.361033813476562500e+03
1.572167358398437500e+03
1.606609375000000000e+03
1.088844482421875000e+03
1.063322509765625000e+03
1.482879150390625000e+03
1.341513916015625000e+03
1.437659912109375000e+03
1.625519409179687500e+03
1.533074462890625000e+03
1.199980712890625000e+03
1.354494018554687500e+03
1.229436401367187500e+03
1.032844116210937500e+03
1.418566528320312500e+03
1.317233276367187500e+03
1.344264038085937500e+03
1.280187255859375000e+03
7.811404418945312500e+02
1.040600219726562500e+03
1.383544433593750000e+03
1.477454956054687500e+03
1.349312622070312500e+03
1.237012573242187500e+03
1.080693847656250000e+03
8.953593750000000000e+02
1.410826904296875000e+03
1.082677856445312500e+03
1.097242309570312500e+03
1.568247924804687500e+03
1.392734863281250000e+03
1.398947875976562500e+03
1.558433349609375000e+03
1.496703002929687500e+03
1.195428344726562500e+03
1.593752685546875000e+03
1.630341064453125000e+03
9.603899536132812500e+02
1.587650024414062500e+03
1.577604492187500000e+03
1.540858398437500000e+03
1.221406738281250000e+03
1.480594970703125000e+03
1.848526367187500000e+03
8.704765625000000000e+02
1.312707275390625000e+03
1.746650512695312500e+03
1.621374511718750000e+03
1.583036987304687500e+03
1.640374389648437500e+03
1.617261840820312500e+03
1.675065063476562500e+03
1.785244750976562500e+03
1.438204467773437500e+03
1.771503662109375000e+03
1.717170776367187500e+03
1.751329223632812500e+03
1.945150146484375000e+03
1.657561035156250000e+03
1.428129150390625000e+03
1.401961181640625000e+03
1.331424926757812500e+03
1.460358398437500000e+03
1.562612182617187500e+03
1.097081176757812500e+03
1.405799072265625000e+03
1.326664062500000000e+03
1.468240356445312500e+03
1.194636718750000000e+03
1.410586914062500000e+03
1.263061523437500000e+03
1.554653320312500000e+03
1.354411010742187500e+03
1.405162597656250000e+03
1.333563964843750000e+03
1.769215576171875000e+03
1.633756347656250000e+03
1.422017456054687500e+03
1.587100097656250000e+03
1.451075195312500000e+03
1.474201171875000000e+03
1.661856323242187500e+03
1.933251953125000000e+03
1.668625976562500000e+03
1.566350341796875000e+03
1.408372070312500000e+03
1.539412109375000000e+03
1.947917236328125000e+03
1.781469970703125000e+03
1.547070800781250000e+03
1.524391113281250000e+03
1.884596069335937500e+03
1.880117065429687500e+03
1.327954223632812500e+03
1.551233154296875000e+03
1.618839355468750000e+03
1.441828491210937500e+03
1.341682250976562500e+03
1.099570434570312500e+03
1.336474243164062500e+03
1.342098999023437500e+03
1.334800537109375000e+03
1.395049438476562500e+03
1.478946166992187500e+03
1.167927368164062500e+03
1.187386230468750000e+03
8.429130249023437500e+02
1.568598022460937500e+03
1.494190551757812500e+03
1.807525390625000000e+03
1.746359497070312500e+03
1.566988281250000000e+03
1.213110351562500000e+03
1.565160400390625000e+03
1.259399536132812500e+03
1.097399169921875000e+03
1.547837402343750000e+03
1.694152709960937500e+03
1.821481933593750000e+03
1.442128540039062500e+03
1.429258666992187500e+03
1.404955566406250000e+03
1.666771850585937500e+03
1.957209960937500000e+03
2.151259765625000000e+03
1.786593750000000000e+03
1.544539794921875000e+03
1.816504638671875000e+03
1.983185058593750000e+03
1.743438598632812500e+03
1.857259399414062500e+03
1.954377441406250000e+03
1.811958374023437500e+03
1.808821166992187500e+03
1.249323852539062500e+03
1.705992675781250000e+03
1.714563354492187500e+03
1.840126953125000000e+03
1.848654785156250000e+03
2.021931518554687500e+03
1.912062500000000000e+03
1.764729370117187500e+03
1.176656005859375000e+03
1.792587524414062500e+03
1.955606567382812500e+03
2.049159423828125000e+03
1.920500488281250000e+03
1.818950683593750000e+03
2.307351562500000000e+03
1.807175659179687500e+03
2.025688964843750000e+03
2.094923095703125000e+03
1.940978027343750000e+03
2.169802001953125000e+03
2.090170654296875000e+03
1.778970581054687500e+03
1.653840209960937500e+03
1.935569580078125000e+03
2.149364501953125000e+03
2.073300781250000000e+03
1.897163574218750000e+03
1.397395019531250000e+03
1.747869384765625000e+03
2.298391357421875000e+03
1.807674560546875000e+03
1.799458374023437500e+03
1.865740844726562500e+03
1.909892822265625000e+03
1.872170410156250000e+03
1.737141113281250000e+03
1.943093017578125000e+03
2.053386474609375000e+03
1.741260986328125000e+03
2.232009765625000000e+03
1.543174682617187500e+03
1.918490234375000000e+03
2.207832275390625000e+03
1.865706542968750000e+03
1.835024536132812500e+03
2.145989257812500000e+03
2.194187255859375000e+03
1.762584716796875000e+03
1.500583129882812500e+03
1.884361694335937500e+03
2.217952148437500000e+03
1.919507324218750000e+03
1.655140991210937500e+03
2.299924560546875000e+03
2.205132324218750000e+03
2.166573242187500000e+03
2.092558105468750000e+03
1.928153320312500000e+03
1.872828979492187500e+03
2.322302734375000000e+03
1.695668457031250000e+03
1.680779052734375000e+03
2.314801269531250000e+03
1.971928466796875000e+03
1.726383911132812500e+03
1.758345947265625000e+03
1.779911132812500000e+03
1.530679809570312500e+03
1.778638671875000000e+03
1.687088745117187500e+03
1.852342895507812500e+03
1.976993896484375000e+03
1.682656494140625000e+03
1.961759033203125000e+03
2.047130615234375000e+03
1.617989135742187500e+03
2.331149658203125000e+03
1.922902954101562500e+03
1.687302368164062500e+03
1.706978515625000000e+03
1.550020507812500000e+03
2.078692626953125000e+03
1.785156616210937500e+03
1.658210937500000000e+03
1.777181152343750000e+03
1.829611816406250000e+03
1.554084106445312500e+03
1.703869506835937500e+03
1.880719848632812500e+03
1.924784667968750000e+03
1.447168090820312500e+03
1.389143676757812500e+03
1.750326782226562500e+03
2.090269531250000000e+03
1.710038085937500000e+03
1.758765747070312500e+03
2.039391235351562500e+03
1.503334106445312500e+03
1.776360961914062500e+03
1.606256835937500000e+03
1.801314453125000000e+03
1.546451782226562500e+03
1.499764770507812500e+03
1.776419921875000000e+03
2.032992797851562500e+03
1.288364624023437500e+03
1.581721557617187500e+03
1.783936279296875000e+03
1.384101684570312500e+03
1.181044555664062500e+03
1.662855712890625000e+03
1.343951660156250000e+03
1.638842041015625000e+03
1.375252319335937500e+03
1.177052368164062500e+03
1.514774780273437500e+03
2.038702514648437500e+03
1.442248657226562500e+03
1.627981323242187500e+03
1.634482543945312500e+03
1.883387207031250000e+03
1.710798217773437500e+03
2.293493164062500000e+03
1.700401000976562500e+03
2.004293212890625000e+03
1.993040405273437500e+03
1.866711791992187500e+03
2.130638916015625000e+03
1.952220703125000000e+03
1.826108886718750000e+03
1.653223876953125000e+03
1.884584594726562500e+03
1.791010864257812500e+03
2.100408935546875000e+03
1.986293212890625000e+03
2.111942382812500000e+03
2.084087890625000000e+03
2.163979980468750000e+03
2.365612304687500000e+03
1.761920410156250000e+03
1.957707763671875000e+03
2.215817871093750000e+03
1.793216308593750000e+03
1.675069213867187500e+03
2.158841552734375000e+03
1.671936645507812500e+03
1.617896972656250000e+03
1.918174194335937500e+03
2.119374267578125000e+03
2.134496093750000000e+03
2.302670166015625000e+03
1.981796386718750000e+03
2.058926269531250000e+03
2.054751220703125000e+03
2.090622314453125000e+03
2.221721679687500000e+03
1.962333496093750000e+03
1.890657104492187500e+03
1.780135375976562500e+03
1.770020629882812500e+03
1.905389770507812500e+03
2.062566406250000000e+03
2.047678344726562500e+03
2.207150390625000000e+03
1.901611938476562500e+03
1.787698486328125000e+03
1.740688720703125000e+03
1.993622070312500000e+03
1.761293457031250000e+03
1.969497924804687500e+03
2.247269531250000000e+03
1.777162475585937500e+03
1.773792236328125000e+03
2.084824951171875000e+03
2.874812011718750000e+03
2.595143066406250000e+03
2.034177978515625000e+03
1.983079956054687500e+03
2.137674804687500000e+03
1.822301391601562500e+03
1.707004638671875000e+03
2.230458007812500000e+03
2.219294921875000000e+03
1.901586547851562500e+03
1.767653808593750000e+03
2.350473388671875000e+03
2.184228271484375000e+03
2.320775390625000000e+03
2.115897460937500000e+03
1.812963989257812500e+03
1.790888427734375000e+03
2.023945312500000000e+03
2.370986328125000000e+03
2.320536621093750000e+03
2.302036132812500000e+03
2.150461669921875000e+03
2.133990722656250000e+03
2.198029541015625000e+03
2.365692382812500000e+03
2.158514160156250000e+03
1.878456298828125000e+03
2.314449951171875000e+03
2.068448486328125000e+03
2.057273437500000000e+03
2.053366210937500000e+03
1.905546630859375000e+03
2.387752197265625000e+03
2.654658203125000000e+03
1.926087646484375000e+03
1.798895507812500000e+03
2.027696533203125000e+03
2.118219726562500000e+03
2.116822021484375000e+03
2.303596435546875000e+03
1.958486083984375000e+03
2.360619140625000000e+03
1.961494384765625000e+03
2.030328125000000000e+03
1.600343627929687500e+03
1.550141479492187500e+03
2.162649414062500000e+03
2.267820800781250000e+03
2.075748535156250000e+03
2.647982177734375000e+03
2.255762207031250000e+03
2.166423095703125000e+03
1.956856811523437500e+03
1.694604492187500000e+03
2.013061279296875000e+03
1.900964721679687500e+03
2.014863769531250000e+03
2.117993652343750000e+03
2.018436401367187500e+03
2.084368164062500000e+03
2.120157470703125000e+03
2.334569091796875000e+03
1.722034790039062500e+03
2.238149902343750000e+03
1.886728759765625000e+03
1.819835571289062500e+03
1.517560058593750000e+03
1.612053710937500000e+03
2.016365966796875000e+03
2.172800292968750000e+03
1.832708496093750000e+03
2.308693847656250000e+03
1.937362548828125000e+03
2.180356689453125000e+03
2.505613037109375000e+03
2.195955322265625000e+03
1.994622314453125000e+03
2.305727783203125000e+03
1.762306030273437500e+03
2.037159179687500000e+03
2.455895263671875000e+03
2.192776367187500000e+03
2.808496582031250000e+03
2.100375488281250000e+03
1.900792724609375000e+03
2.440820312500000000e+03
2.124089111328125000e+03
2.264707275390625000e+03
2.235635498046875000e+03
2.224956787109375000e+03
2.079358398437500000e+03
1.820005126953125000e+03
2.383237304687500000e+03
2.042612792968750000e+03
2.136060546875000000e+03
1.902903442382812500e+03
2.028065307617187500e+03
2.314106201171875000e+03
2.183806640625000000e+03
1.923286743164062500e+03
1.997155761718750000e+03
2.285508056640625000e+03
2.067063964843750000e+03
1.937052246093750000e+03
2.005933349609375000e+03
2.138165771484375000e+03
2.233295654296875000e+03
2.434640625000000000e+03
1.444673583984375000e+03
2.180259277343750000e+03
1.952485961914062500e+03
2.067617187500000000e+03
2.012555419921875000e+03
2.006894653320312500e+03
2.119873535156250000e+03
1.994820800781250000e+03
1.953940551757812500e+03
2.432319091796875000e+03
2.302585693359375000e+03
2.194460205078125000e+03
2.724616699218750000e+03
2.339652587890625000e+03
1.999331787109375000e+03
2.280272216796875000e+03
2.324411132812500000e+03
1.904127441406250000e+03
2.048003662109375000e+03
1.933058105468750000e+03
2.038710205078125000e+03
2.245332519531250000e+03
1.868312622070312500e+03
1.754891601562500000e+03
1.433008178710937500e+03
1.781527832031250000e+03
2.559152343750000000e+03
2.199925048828125000e+03
2.092895507812500000e+03
2.012686157226562500e+03
1.901218872070312500e+03
1.970600830078125000e+03
1.400608520507812500e+03
1.831300781250000000e+03
2.269174072265625000e+03
1.248982299804687500e+03
1.693570556640625000e+03
1.881505615234375000e+03
1.885071899414062500e+03
1.567359863281250000e+03
2.380343994140625000e+03
1.749521484375000000e+03
2.285016601562500000e+03
1.855744750976562500e+03
1.883650146484375000e+03
1.591322387695312500e+03
1.604849243164062500e+03
1.752788330078125000e+03
2.249050781250000000e+03
1.640320556640625000e+03
1.808422363281250000e+03
2.151371826171875000e+03
2.101831542968750000e+03
2.075473632812500000e+03
1.930681518554687500e+03
1.874699340820312500e+03
2.005229980468750000e+03
2.177317871093750000e+03
1.701086425781250000e+03
1.684810180664062500e+03
1.777989379882812500e+03
1.709886718750000000e+03
1.731360473632812500e+03
1.782843139648437500e+03
2.158085693359375000e+03
1.951374145507812500e+03
1.870166259765625000e+03
1.723078857421875000e+03
1.895536865234375000e+03
2.119203369140625000e+03
2.040697753906250000e+03
1.699377075195312500e+03
2.105450195312500000e+03
1.293709106445312500e+03
2.152221679687500000e+03
2.237154785156250000e+03
1.841006225585937500e+03
2.200209716796875000e+03
2.500192626953125000e+03
2.205690185546875000e+03
2.166314697265625000e+03
1.790817993164062500e+03
1.589217529296875000e+03
1.584017333984375000e+03
1.680229492187500000e+03
1.450022583007812500e+03
2.523080078125000000e+03
2.240759033203125000e+03
1.592596191406250000e+03
1.869095825195312500e+03
2.085904052734375000e+03
1.848178833007812500e+03
2.451463623046875000e+03
2.199565429687500000e+03
1.817194091796875000e+03
1.894982543945312500e+03
2.546797607421875000e+03
1.939697753906250000e+03
2.260445068359375000e+03
2.147320556640625000e+03
2.521027099609375000e+03
2.408750976562500000e+03
2.363988769531250000e+03
2.807718750000000000e+03
2.500799560546875000e+03
2.709634033203125000e+03
2.225491943359375000e+03
2.145978759765625000e+03
2.092255371093750000e+03
2.337600585937500000e+03
2.155679687500000000e+03
2.143666748046875000e+03
2.201008056640625000e+03
2.473354736328125000e+03
2.333050537109375000e+03
2.117289062500000000e+03
2.267298095703125000e+03
1.947493530273437500e+03
1.837264404296875000e+03
2.124446044921875000e+03
2.510964355468750000e+03
1.976255249023437500e+03
2.119244873046875000e+03
2.173960937500000000e+03
1.896356201171875000e+03
2.295325195312500000e+03
1.681293945312500000e+03
2.042514770507812500e+03
1.964940551757812500e+03
1.755484863281250000e+03
2.220388916015625000e+03
2.466051513671875000e+03
2.184416992187500000e+03
2.268067382812500000e+03
2.281570068359375000e+03
2.309608154296875000e+03
2.252670654296875000e+03
2.354729248046875000e+03
2.184815673828125000e+03
2.068156982421875000e+03
2.195360351562500000e+03
2.004307373046875000e+03
2.021535034179687500e+03
2.155855224609375000e+03
1.988570190429687500e+03
2.319296386718750000e+03
2.046287231445312500e+03
1.706129272460937500e+03
2.167882812500000000e+03
2.459882568359375000e+03
1.979104980468750000e+03
2.454713378906250000e+03
2.318037109375000000e+03
2.172709228515625000e+03
2.505172851562500000e+03
1.688960449218750000e+03
2.309007324218750000e+03
2.111081054687500000e+03
2.433700927734375000e+03
2.025083374023437500e+03
2.189535644531250000e+03
2.176069335937500000e+03
2.473683105468750000e+03
2.425855957031250000e+03
2.263137451171875000e+03
1.833658813476562500e+03
2.043349121093750000e+03
1.796801025390625000e+03
2.412821533203125000e+03
2.440911621093750000e+03
2.547224609375000000e+03
1.859395507812500000e+03
2.080811767578125000e+03
2.444324218750000000e+03
1.861380249023437500e+03
2.502522460937500000e+03
2.062407958984375000e+03
1.621279174804687500e+03
2.534958251953125000e+03
2.695588623046875000e+03
1.949812377929687500e+03
2.149453125000000000e+03
2.111890136718750000e+03
2.174486083984375000e+03
2.109435058593750000e+03
2.338200927734375000e+03
1.989409667968750000e+03
2.271567626953125000e+03
2.586178955078125000e+03
2.133506103515625000e+03
2.423792236328125000e+03
2.459817871093750000e+03
2.300965576171875000e+03
2.496700195312500000e+03
2.805629638671875000e+03
1.995543090820312500e+03
2.064396728515625000e+03
2.220462646484375000e+03
2.389127929687500000e+03
1.904257202148437500e+03
2.211143798828125000e+03
2.269194335937500000e+03
2.195824218750000000e+03
1.890342041015625000e+03
1.826131713867187500e+03
2.282050292968750000e+03
2.002426513671875000e+03
2.135228515625000000e+03
2.600918212890625000e+03
2.335018798828125000e+03
2.085253906250000000e+03
1.934753417968750000e+03
2.137537597656250000e+03
3.150401611328125000e+03
2.385729736328125000e+03
2.567081787109375000e+03
2.047702514648437500e+03
2.282494873046875000e+03
2.688515869140625000e+03
2.177444580078125000e+03
2.384316406250000000e+03
2.723391113281250000e+03
2.868583251953125000e+03
2.565815673828125000e+03
2.772356201171875000e+03
2.752573486328125000e+03
2.130020019531250000e+03
2.426121337890625000e+03
2.899205322265625000e+03
2.670256347656250000e+03
2.543789550781250000e+03
2.779979248046875000e+03
2.533551757812500000e+03
2.816675781250000000e+03
2.207877197265625000e+03
2.599952636718750000e+03
2.960492675781250000e+03
2.644376708984375000e+03
2.283705810546875000e+03
2.388980712890625000e+03
2.636524414062500000e+03
2.313873779296875000e+03
2.115773681640625000e+03
2.551993896484375000e+03
2.757004150390625000e+03
2.549822265625000000e+03
2.772585937500000000e+03
2.666700439453125000e+03
2.511069824218750000e+03
2.279195556640625000e+03
2.612176513671875000e+03
2.748580322265625000e+03
2.402691162109375000e+03
2.879976074218750000e+03
2.456649658203125000e+03
2.717749267578125000e+03
2.682334960937500000e+03
2.843589355468750000e+03
2.133802978515625000e+03
2.446721435546875000e+03
2.715800781250000000e+03
2.457644531250000000e+03
2.383239746093750000e+03
2.594891845703125000e+03
3.080004638671875000e+03
2.558554443359375000e+03
1.822155883789062500e+03
2.435736816406250000e+03
2.445778808593750000e+03
2.459199462890625000e+03
2.584680664062500000e+03
2.660117675781250000e+03
2.236453369140625000e+03
1.909061035156250000e+03
2.281625488281250000e+03
2.226055664062500000e+03
2.682009277343750000e+03
1.890760864257812500e+03
2.435916259765625000e+03
2.183340087890625000e+03
2.180994140625000000e+03
2.412120117187500000e+03
2.794500976562500000e+03
2.579202880859375000e+03
2.436064208984375000e+03
2.732273681640625000e+03
2.700056640625000000e+03
2.293684326171875000e+03
2.499179443359375000e+03
2.508486572265625000e+03
3.099523681640625000e+03
2.724128417968750000e+03
2.788845458984375000e+03
2.957247314453125000e+03
2.788181152343750000e+03
3.066552246093750000e+03
2.511519531250000000e+03
2.654616210937500000e+03
2.471394531250000000e+03
2.078688232421875000e+03
2.243864013671875000e+03
2.509804931640625000e+03
2.382031250000000000e+03
2.314623779296875000e+03
2.737514160156250000e+03
2.713623535156250000e+03
2.924116699218750000e+03
2.381887695312500000e+03
2.890510009765625000e+03
2.664811279296875000e+03
2.757120605468750000e+03
2.753599609375000000e+03
2.588929199218750000e+03
2.529971679687500000e+03
2.565575195312500000e+03
2.672174804687500000e+03
3.006520751953125000e+03
2.840567138671875000e+03
2.705816894531250000e+03
2.793729736328125000e+03
2.622225097656250000e+03
3.018144042968750000e+03
2.992373291015625000e+03
2.685300048828125000e+03
2.663368896484375000e+03
2.516736083984375000e+03
2.464669677734375000e+03
2.965170654296875000e+03
1.978952148437500000e+03
2.867389160156250000e+03
2.838248046875000000e+03
2.288986816406250000e+03
2.426961669921875000e+03
2.913000244140625000e+03
2.395918212890625000e+03
2.992611572265625000e+03
2.631445556640625000e+03
2.540947753906250000e+03
2.882946289062500000e+03
2.782403808593750000e+03
2.491864501953125000e+03
2.733051025390625000e+03
2.483183837890625000e+03
3.132419677734375000e+03
2.935909423828125000e+03
2.943427490234375000e+03
2.652238281250000000e+03
2.675651611328125000e+03
3.212266113281250000e+03
2.283184082031250000e+03
2.392074707031250000e+03
2.940207763671875000e+03
2.312559814453125000e+03
2.860885498046875000e+03
3.221289794921875000e+03
2.999020507812500000e+03
2.884416259765625000e+03
2.701483886718750000e+03
3.016845703125000000e+03
2.761233886718750000e+03
2.778948486328125000e+03
2.649884765625000000e+03
2.484473144531250000e+03
2.533402587890625000e+03
3.350008056640625000e+03
2.845479003906250000e+03
2.803624755859375000e+03
2.707283447265625000e+03
2.673315429687500000e+03
2.926584960937500000e+03
2.460360107421875000e+03
3.035617675781250000e+03
3.383825683593750000e+03
3.611921386718750000e+03
2.962731445312500000e+03
2.683487548828125000e+03
2.642141845703125000e+03
3.066564453125000000e+03
2.859690429687500000e+03
2.801149169921875000e+03
2.565278808593750000e+03
2.973563232421875000e+03
2.937349853515625000e+03
2.946985839843750000e+03
2.799213134765625000e+03
3.177086425781250000e+03
2.389687500000000000e+03
2.890415527343750000e+03
2.762127685546875000e+03
3.127030273437500000e+03
2.726663085937500000e+03
2.733218505859375000e+03
3.075795410156250000e+03
2.690866699218750000e+03
3.005737792968750000e+03
2.835898681640625000e+03
2.598352539062500000e+03
2.749092285156250000e+03
3.191553466796875000e+03
2.884457763671875000e+03
3.196714355468750000e+03
3.089507080078125000e+03
2.887144531250000000e+03
3.079117431640625000e+03
3.035535156250000000e+03
2.529234375000000000e+03
2.908070312500000000e+03
3.227121826171875000e+03
2.888310058593750000e+03
2.524665771484375000e+03
2.752308593750000000e+03
3.214467285156250000e+03
2.776095214843750000e+03
2.501464843750000000e+03
3.275777099609375000e+03
2.885407226562500000e+03
2.744813720703125000e+03
2.786760498046875000e+03
2.365354003906250000e+03
2.192283935546875000e+03
2.523869140625000000e+03
2.844055175781250000e+03
2.809494140625000000e+03
2.825881103515625000e+03
2.821286132812500000e+03
2.805343505859375000e+03
2.743727539062500000e+03
2.518078613281250000e+03
2.825862304687500000e+03
3.213667968750000000e+03
2.753289062500000000e+03
2.532742675781250000e+03
2.641160156250000000e+03
2.876292480468750000e+03
2.935673095703125000e+03
2.942878417968750000e+03
2.835742187500000000e+03
2.859204833984375000e+03
2.932012451171875000e+03
2.683378906250000000e+03
2.664595458984375000e+03
3.373286621093750000e+03
2.356856689453125000e+03
2.548951416015625000e+03
3.294561035156250000e+03
3.146098876953125000e+03
3.076358398437500000e+03
2.884466064453125000e+03
2.871499023437500000e+03
2.725950195312500000e+03
2.666571533203125000e+03
2.620305419921875000e+03
2.777680908203125000e+03
3.031428222656250000e+03
2.540398925781250000e+03
2.332102539062500000e+03
2.870808105468750000e+03
2.399827148437500000e+03
2.414437255859375000e+03
2.655184082031250000e+03
2.527479492187500000e+03
2.643398925781250000e+03
3.206846435546875000e+03
3.315456542968750000e+03
3.146245361328125000e+03
2.743160156250000000e+03
2.836916748046875000e+03
2.880472900390625000e+03
2.232772460937500000e+03
2.801137939453125000e+03
2.847656982421875000e+03
3.174771484375000000e+03
2.772953369140625000e+03
3.053836669921875000e+03
2.814235351562500000e+03
2.475913330078125000e+03
2.740300292968750000e+03
3.081319824218750000e+03
2.898246337890625000e+03
2.935966552734375000e+03
2.810628906250000000e+03
2.298325195312500000e+03
2.486338867187500000e+03
2.653309570312500000e+03
2.889428955078125000e+03
2.986580810546875000e+03
3.063734130859375000e+03
2.327184082031250000e+03
2.982600830078125000e+03
2.319940429687500000e+03
2.430361816406250000e+03
2.335582519531250000e+03
2.566383789062500000e+03
2.773793701171875000e+03
2.692915527343750000e+03
2.641080322265625000e+03
2.625610595703125000e+03
3.141179443359375000e+03
2.835975097656250000e+03
2.543626220703125000e+03
2.451525878906250000e+03
2.389453125000000000e+03
2.729669677734375000e+03
2.745765136718750000e+03
2.957815917968750000e+03
3.091480712890625000e+03
3.208554199218750000e+03
3.037278320312500000e+03
3.130048095703125000e+03
3.282599365234375000e+03
2.508807861328125000e+03
2.551943603515625000e+03
3.279319335937500000e+03
2.557777832031250000e+03
2.531912597656250000e+03
2.807782470703125000e+03
3.247116699218750000e+03
2.811762939453125000e+03
2.979501953125000000e+03
2.704117187500000000e+03
2.532362060546875000e+03
2.442623046875000000e+03
2.852808837890625000e+03
2.867531494140625000e+03
2.660887207031250000e+03
3.077223632812500000e+03
3.061060791015625000e+03
2.248899658203125000e+03
2.849383056640625000e+03
3.322277343750000000e+03
3.194322509765625000e+03
2.973441894531250000e+03
3.448740478515625000e+03
2.859143310546875000e+03
2.699539062500000000e+03
2.561843505859375000e+03
2.982130615234375000e+03
2.889382324218750000e+03
2.416365722656250000e+03
1.890332031250000000e+03
2.315716064453125000e+03
2.254938232421875000e+03
2.713597656250000000e+03
3.195623779296875000e+03
2.948377685546875000e+03
2.524535156250000000e+03
2.441640136718750000e+03
3.090348388671875000e+03
3.162363525390625000e+03
2.785627929687500000e+03
2.900560302734375000e+03
2.667936279296875000e+03
2.691457763671875000e+03
2.722938964843750000e+03
2.271455566406250000e+03
2.298418457031250000e+03
2.885347900390625000e+03
3.019989501953125000e+03
2.650164550781250000e+03
2.877796630859375000e+03
2.628991699218750000e+03
3.118101806640625000e+03
2.875512207031250000e+03
2.808066162109375000e+03
2.556698730468750000e+03
2.432860595703125000e+03
2.668089355468750000e+03
3.245860595703125000e+03
3.262305419921875000e+03
2.652772460937500000e+03
2.409423339843750000e+03
3.008676025390625000e+03
3.032139160156250000e+03
3.263475341796875000e+03
2.738512451171875000e+03
3.173348388671875000e+03
2.621073486328125000e+03
2.757252929687500000e+03
3.195965576171875000e+03
2.617805419921875000e+03
2.226893066406250000e+03
2.567556884765625000e+03
3.346837402343750000e+03
2.395853271484375000e+03
2.424508544921875000e+03
2.806011962890625000e+03
2.593837890625000000e+03
2.834037841796875000e+03
2.516413818359375000e+03
2.869449462890625000e+03
2.480064208984375000e+03
2.835385009765625000e+03
3.061568603515625000e+03
2.750734863281250000e+03
2.796909423828125000e+03
2.519749267578125000e+03
3.006089599609375000e+03
2.457627197265625000e+03
3.076986572265625000e+03
2.222422851562500000e+03
2.473675048828125000e+03
2.845979736328125000e+03
2.634677978515625000e+03
2.914164550781250000e+03
2.663215087890625000e+03
2.415323486328125000e+03
2.048430175781250000e+03
2.714713623046875000e+03
2.844257324218750000e+03
2.813843017578125000e+03
2.618730957031250000e+03
2.208755859375000000e+03
2.469668701171875000e+03
2.384474365234375000e+03
2.443408691406250000e+03
2.717022949218750000e+03
2.753735839843750000e+03
3.184818847656250000e+03
3.931349365234375000e+03
4.330922363281250000e+03
4.546425781250000000e+03
5.264204589843750000e+03
6.195949218750000000e+03
5.088153320312500000e+03
2.756580566406250000e+03
2.236060302734375000e+03
2.189902587890625000e+03
2.390421142578125000e+03
2.503707519531250000e+03
2.299666259765625000e+03
2.412907958984375000e+03
2.829237304687500000e+03
2.512930908203125000e+03
2.479353515625000000e+03
2.042835083007812500e+03
2.067295654296875000e+03
2.492905517578125000e+03
2.701293212890625000e+03
2.630552246093750000e+03
2.703979248046875000e+03
2.768906005859375000e+03
2.742515136718750000e+03
2.865172363281250000e+03
2.617530517578125000e+03
2.573965576171875000e+03
2.639038818359375000e+03
2.513718505859375000e+03
2.308935058593750000e+03
2.565022949218750000e+03
2.446657470703125000e+03
2.830735839843750000e+03
2.650461425781250000e+03
2.937861328125000000e+03
2.777394287109375000e+03
2.671399902343750000e+03
2.957416992187500000e+03
3.105086425781250000e+03
2.938178955078125000e+03
2.708727050781250000e+03
2.917976318359375000e+03
3.081121093750000000e+03
2.560022949218750000e+03
2.352484863281250000e+03
2.268159667968750000e+03
3.225704345703125000e+03
2.589675781250000000e+03
2.915210449218750000e+03
3.632466064453125000e+03
2.559076660156250000e+03
2.657412353515625000e+03
2.824883789062500000e+03
2.763578369140625000e+03
2.850533203125000000e+03
2.342617431640625000e+03
2.631363281250000000e+03
2.743578369140625000e+03
3.005322509765625000e+03
2.846729492187500000e+03
3.125635253906250000e+03
2.325731445312500000e+03
2.606140380859375000e+03
2.895382568359375000e+03
2.872241455078125000e+03
2.431411376953125000e+03
2.976167968750000000e+03
2.351424804687500000e+03
2.122229492187500000e+03
3.112210937500000000e+03
3.101172607421875000e+03
3.006685791015625000e+03
2.819193847656250000e+03
2.957476074218750000e+03
2.757322265625000000e+03
3.396146972656250000e+03
2.967848632812500000e+03
2.892364013671875000e+03
3.184006103515625000e+03
2.888640625000000000e+03
3.129994140625000000e+03
2.570583740234375000e+03
2.126487060546875000e+03
3.087813720703125000e+03
2.536437500000000000e+03
2.062958496093750000e+03
2.861925048828125000e+03
3.186786376953125000e+03
3.093561523437500000e+03
3.119508789062500000e+03
3.155198486328125000e+03
2.961783691406250000e+03
2.816526855468750000e+03
3.274730468750000000e+03
3.146184814453125000e+03
3.045522705078125000e+03
3.402764648437500000e+03
2.991285156250000000e+03
2.994925292968750000e+03
3.539044433593750000e+03
3.024151123046875000e+03
3.316941650390625000e+03
3.101957519531250000e+03
3.463529296875000000e+03
3.316836914062500000e+03
4.042090576171875000e+03
3.217541992187500000e+03
3.247364990234375000e+03
3.303466064453125000e+03
3.065581787109375000e+03
2.783271972656250000e+03
2.380458740234375000e+03
2.847612304687500000e+03
2.805234375000000000e+03
3.081417236328125000e+03
3.542414550781250000e+03
2.975197753906250000e+03
3.216364746093750000e+03
2.926711181640625000e+03
2.930269287109375000e+03
2.644425292968750000e+03
3.044649902343750000e+03
2.952897216796875000e+03
2.917489013671875000e+03
2.758537841796875000e+03
2.514227783203125000e+03
3.131538574218750000e+03
3.090134033203125000e+03
2.766194580078125000e+03
3.181010742187500000e+03
2.845472412109375000e+03
2.492339599609375000e+03
2.625282714843750000e+03
2.702646972656250000e+03
3.043325927734375000e+03
2.825104248046875000e+03
3.176633300781250000e+03
3.361055175781250000e+03
2.934068115234375000e+03
2.860078369140625000e+03
2.873063720703125000e+03
2.635470214843750000e+03
3.144079833984375000e+03
3.561709960937500000e+03
2.926161132812500000e+03
2.895957519531250000e+03
3.381478027343750000e+03
2.811660400390625000e+03
1.937325683593750000e+03
2.683470458984375000e+03
2.925859619140625000e+03
3.563190673828125000e+03
3.733598876953125000e+03
3.744740966796875000e+03
4.518416503906250000e+03
5.360657714843750000e+03
5.768955078125000000e+03
5.140533691406250000e+03
3.789573242187500000e+03
3.174023193359375000e+03
3.413657226562500000e+03
2.530084228515625000e+03
2.966468750000000000e+03
2.999285644531250000e+03
2.427926269531250000e+03
3.335554443359375000e+03
2.419916992187500000e+03
2.411442138671875000e+03
2.830616210937500000e+03
2.937227539062500000e+03
2.603124511718750000e+03
3.068459716796875000e+03
2.468967773437500000e+03
3.183857666015625000e+03
3.550102539062500000e+03
3.464565917968750000e+03
2.844806640625000000e+03
2.897276123046875000e+03
3.253953125000000000e+03
2.430133056640625000e+03
2.125070312500000000e+03
2.935154296875000000e+03
2.948866455078125000e+03
3.127360351562500000e+03
2.385400390625000000e+03
2.779434570312500000e+03
2.758556152343750000e+03
2.568409912109375000e+03
2.524159423828125000e+03
2.173935791015625000e+03
2.475374511718750000e+03
2.590334716796875000e+03
2.562265136718750000e+03
3.094650634765625000e+03
2.869293212890625000e+03
3.042070068359375000e+03
3.472427734375000000e+03
2.871954101562500000e+03
2.676668701171875000e+03
2.513790771484375000e+03
3.047713134765625000e+03
2.984124023437500000e+03
3.088247802734375000e+03
2.567892333984375000e+03
2.848937011718750000e+03
2.661708251953125000e+03
3.002881835937500000e+03
3.025785400390625000e+03
2.820144775390625000e+03
2.671914062500000000e+03
3.359946533203125000e+03
2.530453613281250000e+03
2.775201660156250000e+03
3.465033203125000000e+03
2.796114746093750000e+03
2.566856933593750000e+03
2.789448974609375000e+03
3.372307128906250000e+03
2.897603515625000000e+03
2.678630371093750000e+03
3.054940917968750000e+03
2.892384033203125000e+03
3.093404052734375000e+03
2.484579589843750000e+03
2.848124511718750000e+03
3.040928222656250000e+03
3.522600097656250000e+03
3.246121337890625000e+03
2.816807128906250000e+03
2.678083007812500000e+03
2.827291503906250000e+03
2.808521240234375000e+03
2.949588378906250000e+03
3.129591064453125000e+03
3.536612060546875000e+03
3.026501220703125000e+03
2.896180175781250000e+03
3.026873291015625000e+03
2.510779296875000000e+03
2.646753173828125000e+03
2.562394287109375000e+03
3.047687011718750000e+03
2.466665771484375000e+03
2.971934814453125000e+03
3.131908691406250000e+03
3.087484130859375000e+03
2.971549804687500000e+03
2.812339355468750000e+03
2.647475341796875000e+03
2.702335937500000000e+03
3.424068603515625000e+03
3.005809570312500000e+03
3.204649414062500000e+03
2.597524169921875000e+03
2.969108154296875000e+03
2.709235351562500000e+03
2.344844726562500000e+03
2.573736816406250000e+03
2.720120117187500000e+03
3.324216308593750000e+03
3.040372314453125000e+03
2.524759765625000000e+03
2.887349121093750000e+03
2.761051513671875000e+03
3.006282226562500000e+03
2.544625244140625000e+03
2.818854248046875000e+03
2.896401611328125000e+03
3.209771972656250000e+03
2.530885253906250000e+03
2.454313964843750000e+03
3.235405029296875000e+03
3.093900146484375000e+03
3.099312500000000000e+03
2.863000976562500000e+03
3.057332519531250000e+03
2.828234863281250000e+03
2.699794433593750000e+03
2.753267089843750000e+03
2.858075195312500000e+03
2.468560302734375000e+03
3.034012695312500000e+03
2.800778564453125000e+03
2.682796386718750000e+03
1.571009765625000000e+03
2.063239501953125000e+03
2.644399169921875000e+03
2.686885986328125000e+03
2.875982421875000000e+03
3.177088134765625000e+03
2.361860595703125000e+03
2.151231201171875000e+03
2.772921142578125000e+03
3.664269042968750000e+03
8.821059570312500000e+03
1.167181152343750000e+04
-4.531260156250000000e+04
-9.543661718750000000e+04
-5.529130468750000000e+04
8.085179443359375000e+02
5.786887207031250000e+03
2.839007324218750000e+03
2.560788085937500000e+03
2.860309814453125000e+03
2.268614990234375000e+03
2.229195312500000000e+03
2.493419921875000000e+03
2.589635498046875000e+03
2.285306640625000000e+03
2.681359863281250000e+03
2.461265380859375000e+03
2.226764160156250000e+03
2.644428222656250000e+03
2.479282714843750000e+03
2.680410888671875000e+03
3.087133056640625000e+03
3.203636718750000000e+03
2.577005371093750000e+03
2.474503906250000000e+03
3.249305908203125000e+03
2.775798583984375000e+03
2.337072265625000000e+03
1.978054687500000000e+03
1.720350830078125000e+03
1.594789306640625000e+03
2.094609375000000000e+03
2.649502685546875000e+03
2.752784912109375000e+03
2.701028564453125000e+03
2.804153320312500000e+03
2.540565185546875000e+03
2.896139648437500000e+03
2.324996582031250000e+03
2.499966308593750000e+03
3.707408691406250000e+03
2.857460449218750000e+03
2.792760742187500000e+03
3.250046386718750000e+03
2.708763183593750000e+03
2.916271240234375000e+03
2.412813232421875000e+03
1.653346191406250000e+03
2.063003417968750000e+03
2.578761718750000000e+03
2.934459228515625000e+03
2.751012939453125000e+03
2.323005126953125000e+03
2.050846923828125000e+03
2.770925537109375000e+03
2.824727783203125000e+03
2.448471679687500000e+03
2.992311523437500000e+03
2.772358642578125000e+03
2.655218505859375000e+03
2.707906494140625000e+03
2.997429199218750000e+03
2.833063476562500000e+03
2.885623779296875000e+03
2.829341796875000000e+03
3.669012451171875000e+03
3.222714355468750000e+03
2.711361816406250000e+03
2.262749267578125000e+03
2.581651855468750000e+03
2.582869140625000000e+03
2.782836914062500000e+03
3.416249023437500000e+03
3.044828125000000000e+03
3.115168212890625000e+03
2.739888916015625000e+03
2.957704589843750000e+03
2.527614501953125000e+03
3.467415527343750000e+03
3.262600097656250000e+03
2.703976318359375000e+03
3.652220947265625000e+03
3.379190185546875000e+03
3.161487060546875000e+03
2.161952880859375000e+03
2.501176757812500000e+03
2.963884765625000000e+03
2.890477783203125000e+03
2.830417480468750000e+03
3.314821777343750000e+03
2.199163085937500000e+03
2.299095458984375000e+03
2.703480712890625000e+03
3.000448486328125000e+03
2.634915771484375000e+03
3.271701904296875000e+03
3.286416259765625000e+03
3.597954589843750000e+03
3.289889404296875000e+03
2.611364990234375000e+03
3.124987060546875000e+03
3.248368408203125000e+03
3.344524902343750000e+03
3.161726318359375000e+03
2.737924804687500000e+03
2.749830078125000000e+03
3.198951171875000000e+03
2.576461425781250000e+03
2.632923828125000000e+03
3.165346435546875000e+03
2.466519287109375000e+03
2.810358886718750000e+03
2.590239501953125000e+03
2.789570312500000000e+03
2.861919677734375000e+03
2.902607421875000000e+03
3.038398681640625000e+03
3.082924804687500000e+03
3.079831542968750000e+03
2.967427978515625000e+03
3.020179443359375000e+03
2.604631347656250000e+03
2.497271240234375000e+03
2.821718505859375000e+03
2.772779541015625000e+03
2.343931884765625000e+03
2.166240478515625000e+03
3.219129882812500000e+03
2.787372802734375000e+03
2.835214843750000000e+03
2.378745849609375000e+03
2.783016113281250000e+03
2.285424560546875000e+03
2.441921142578125000e+03
1.965697021484375000e+03
2.687804199218750000e+03
2.659250244140625000e+03
3.309845703125000000e+03
2.870356689453125000e+03
2.808840820312500000e+03
3.454222412109375000e+03
2.896339843750000000e+03
3.002579833984375000e+03
2.841759521484375000e+03
2.853701416015625000e+03
3.317961425781250000e+03
3.699435302734375000e+03
3.658790771484375000e+03
3.074920654296875000e+03
3.241295654296875000e+03
3.236171630859375000e+03
3.418551513671875000e+03
3.331190917968750000e+03
3.201186523437500000e+03
3.472424316406250000e+03
2.949265869140625000e+03
3.076103515625000000e+03
3.240840332031250000e+03
3.043770507812500000e+03
2.989207763671875000e+03
3.092238281250000000e+03
3.303260009765625000e+03
3.056941894531250000e+03
2.978890136718750000e+03
2.537590820312500000e+03
2.641363037109375000e+03
2.382217529296875000e+03
2.617385986328125000e+03
2.755836425781250000e+03
2.908061523437500000e+03
2.511654296875000000e+03
2.159975341796875000e+03
2.433996093750000000e+03
1.905862792968750000e+03
1.788187744140625000e+03
1.254522094726562500e+03
1.880157348632812500e+03
1.845905029296875000e+03
